MomenTUM.A1Gregorian,MomenTUM.ElapsedSecs,FiniteC3sec,TCMsec,FiniteMOIsec,FiniteMatchPlanesec,FiniteRaisePeriToMinsec,CircularizeCount,Circularizesec,CircularizesecSum,FiniteSpiralSec,EOLcount,EOLsec,EOLsecSum,MomenTUM.ElectricTank1.FuelMass,MomenTUM.CTankFuel.FuelMass,MomenTUM.CTankOx.FuelMass,status,MomenTUM.TotalMass
31 Oct 2026 12:00:37.034,0.00000000000,2155.84586111,0.00000000000,0.00000000000,0.00000000000,0.00000000000,0.00000000000,0.00000000000,0.00000000000,0.00000000000,0.00000000000,0.00000000000,0.00000000000,166.000000000,283.500000000,467.775000000,1.10000000000,2062.38950000
03 Nov 2026 12:37:32.880,261415.845861,2155.84586111,5.34999976365,0.00000000000,0.00000000000,0.00000000000,0.00000000000,0.00000000000,0.00000000000,0.00000000000,0.00000000000,0.00000000000,0.00000000000,166.000000000,166.785995938,275.196893297,2.10000000000,1753.09738923
17 Aug 2027 05:19:07.732,25031910.6979,2155.84586111,5.34999976365,2858.30549682,0.00000000000,0.00000000000,0.00000000000,0.00000000000,0.00000000000,0.00000000000,0.00000000000,0.00000000000,0.00000000000,166.000000000,166.496355585,274.718986715,3.10000000000,1752.32984230
28 Aug 2027 18:17:53.480,26029036.4455,2155.84586111,5.34999976365,2858.30549682,42.4428661248,0.00000000000,0.00000000000,0.00000000000,0.00000000000,0.00000000000,0.00000000000,0.00000000000,0.00000000000,166.000000000,11.2109404920,18.4980518118,4.00000000000,1340.82349230
29 Aug 2027 17:36:56.551,26112979.5166,2155.84586111,5.34999976365,2858.30549682,42.4428661248,13.1293586301,0.00000000000,0.00000000000,0.00000000000,0.00000000000,0.00000000000,0.00000000000,0.00000000000,166.000000000,8.91315246937,14.7067015745,5.00000000000,1334.73435404
25 Sep 2027 00:40:54.534,28384817.4999,2155.84586111,5.34999976365,2858.30549682,42.4428661248,13.1293586301,1.00000000000,222389.455207,222389.455207,0.00000000000,0.00000000000,0.00000000000,0.00000000000,164.866516538,8.74373409446,14.4271612559,6.00000000000,1333.15191189
06 Oct 2027 16:09:04.916,29390907.8821,2155.84586111,5.34999976365,2858.30549682,42.4428661248,13.1293586301,2.00000000000,7171.65948524,229561.114692,0.00000000000,0.00000000000,0.00000000000,0.00000000000,164.829963738,8.74373409446,14.4271612559,6.00000000000,1333.11535909
20 Oct 2027 00:39:08.928,30544711.8940,2155.84586111,5.34999976365,2858.30549682,42.4428661248,13.1293586301,3.00000000000,173733.055651,403294.170343,0.00000000000,0.00000000000,0.00000000000,0.00000000000,163.944474157,8.74373409446,14.4271612559,6.00000000000,1332.22986951
31 Oct 2027 18:31:40.064,31559463.0292,2155.84586111,5.34999976365,2858.30549682,42.4428661248,13.1293586301,4.00000000000,11833.7232655,415127.893609,0.00000000000,0.00000000000,0.00000000000,0.00000000000,163.884159564,8.74373409446,14.4271612559,6.00000000000,1332.16955491
13 Nov 2027 17:45:09.977,32679872.9427,2155.84586111,5.34999976365,2858.30549682,42.4428661248,13.1293586301,5.00000000000,144539.541152,559667.434760,0.00000000000,0.00000000000,0.00000000000,0.00000000000,163.147464655,8.74373409446,14.4271612559,6.00000000000,1331.43286000
25 Nov 2027 10:09:13.848,33689316.8140,2155.84586111,5.34999976365,2858.30549682,42.4428661248,13.1293586301,6.00000000000,17016.8915405,576684.326301,0.00000000000,0.00000000000,0.00000000000,0.00000000000,163.060732282,8.74373409446,14.4271612559,6.00000000000,1331.34612763
07 Dec 2027 22:55:13.568,34772076.5335,2155.84586111,5.34999976365,2858.30549682,42.4428661248,13.1293586301,7.00000000000,123931.314762,700615.641063,0.00000000000,0.00000000000,0.00000000000,0.00000000000,162.429074205,8.74373409446,14.4271612559,6.00000000000,1330.71446955
19 Dec 2027 11:01:37.503,35766060.4688,2155.84586111,5.34999976365,2858.30549682,42.4428661248,13.1293586301,8.00000000000,22466.4806310,723082.121694,0.00000000000,0.00000000000,0.00000000000,0.00000000000,162.314566148,8.74373409446,14.4271612559,6.00000000000,1330.59996150
31 Dec 2027 11:56:55.147,36806178.1126,2155.84586111,5.34999976365,2858.30549682,42.4428661248,13.1293586301,9.00000000000,107930.076639,831012.198333,0.00000000000,0.00000000000,0.00000000000,0.00000000000,161.764463821,8.74373409446,14.4271612559,6.00000000000,1330.04985917
11 Jan 2028 17:30:30.466,37776593.4312,2155.84586111,5.34999976365,2858.30549682,42.4428661248,13.1293586301,10.0000000000,27972.9506194,858985.148953,0.00000000000,0.00000000000,0.00000000000,0.00000000000,161.621890168,8.74373409446,14.4271612559,6.00000000000,1329.90728552
23 Jan 2028 06:01:04.647,38772027.6130,2155.84586111,5.34999976365,2858.30549682,42.4428661248,13.1293586301,11.0000000000,95051.4156136,954036.564566,0.00000000000,0.00000000000,0.00000000000,0.00000000000,161.137428315,8.74373409446,14.4271612559,6.00000000000,1329.42282367
03 Feb 2028 03:42:52.333,39714135.2990,2155.84586111,5.34999976365,2858.30549682,42.4428661248,13.1293586301,12.0000000000,33386.7199447,987423.284511,0.00000000000,0.00000000000,0.00000000000,0.00000000000,160.967261547,8.74373409446,14.4271612559,6.00000000000,1329.25265690
14 Feb 2028 02:35:19.112,40660482.0778,2155.84586111,5.34999976365,2858.30549682,42.4428661248,13.1293586301,13.0000000000,84126.6202330,1071549.90474,0.00000000000,0.00000000000,0.00000000000,0.00000000000,160.538481627,8.74373409446,14.4271612559,6.00000000000,1328.82387698
24 Feb 2028 15:17:05.504,41570188.4694,2155.84586111,5.34999976365,2858.30549682,42.4428661248,13.1293586301,14.0000000000,38575.4312616,1110125.33601,0.00000000000,0.00000000000,0.00000000000,0.00000000000,160.341868828,8.74373409446,14.4271612559,6.00000000000,1328.62726418
06 Mar 2028 01:02:31.317,42469314.2829,2155.84586111,5.34999976365,2858.30549682,42.4428661248,13.1293586301,15.0000000000,74863.6320940,1184988.96810,0.00000000000,0.00000000000,0.00000000000,0.00000000000,159.960300876,8.74373409446,14.4271612559,6.00000000000,1328.24569623
16 Mar 2028 03:40:12.752,43342775.7180,2155.84586111,5.34999976365,2858.30549682,42.4428661248,13.1293586301,16.0000000000,43463.1450670,1228452.11317,0.00000000000,0.00000000000,0.00000000000,0.00000000000,159.738776182,8.74373409446,14.4271612559,6.00000000000,1328.02417153
26 Mar 2028 00:06:58.508,44193981.4736,2155.84586111,5.34999976365,2858.30549682,42.4428661248,13.1293586301,17.0000000000,66886.3119006,1295338.42507,0.00000000000,0.00000000000,0.00000000000,0.00000000000,159.397867354,8.74373409446,14.4271612559,6.00000000000,1327.68326270
04 Apr 2028 16:35:46.547,45030909.5123,2155.84586111,5.34999976365,2858.30549682,42.4428661248,13.1293586301,18.0000000000,47999.2199282,1343337.64500,0.00000000000,0.00000000000,0.00000000000,0.00000000000,159.153223012,8.74373409446,14.4271612559,6.00000000000,1327.43861836
13 Apr 2028 23:50:08.532,45834571.4978,2155.84586111,5.34999976365,2858.30549682,42.4428661248,13.1293586301,19.0000000000,59940.7030981,1403278.34809,0.00000000000,0.00000000000,0.00000000000,0.00000000000,158.847714842,8.74373409446,14.4271612559,6.00000000000,1327.13311019
23 Apr 2028 06:09:52.095,46634955.0608,2155.84586111,5.34999976365,2858.30549682,42.4428661248,13.1293586301,20.0000000000,52155.5187729,1455433.86687,0.00000000000,0.00000000000,0.00000000000,0.00000000000,158.581886509,8.74373409446,14.4271612559,6.00000000000,1326.86728186
02 May 2028 00:41:52.459,47392875.4251,2155.84586111,5.34999976365,2858.30549682,42.4428661248,13.1293586301,21.0000000000,53850.9139002,1509284.78077,0.00000000000,0.00000000000,0.00000000000,0.00000000000,158.307417020,8.74373409446,14.4271612559,6.00000000000,1326.59281237
10 May 2028 20:46:03.819,48156326.7844,2155.84586111,5.34999976365,2858.30549682,42.4428661248,13.1293586301,22.0000000000,55923.4016880,1565208.18245,0.00000000000,0.00000000000,0.00000000000,0.00000000000,158.022384391,8.74373409446,14.4271612559,6.00000000000,1326.30777974
19 May 2028 03:04:57.249,48870260.2142,2155.84586111,5.34999976365,2858.30549682,42.4428661248,13.1293586301,23.0000000000,48526.8516651,1613735.03412,0.00000000000,0.00000000000,0.00000000000,0.00000000000,157.775050794,8.74373409446,14.4271612559,6.00000000000,1326.06044614
27 May 2028 13:16:49.691,49598172.6567,2155.84586111,5.34999976365,2858.30549682,42.4428661248,13.1293586301,24.0000000000,59312.4767757,1673047.51090,0.00000000000,0.00000000000,0.00000000000,0.00000000000,157.472744593,8.74373409446,14.4271612559,6.00000000000,1325.75813994
04 Jun 2028 08:06:35.843,50270758.8091,2155.84586111,5.34999976365,2858.30549682,42.4428661248,13.1293586301,25.0000000000,43869.3745311,1716916.88543,0.00000000000,0.00000000000,0.00000000000,0.00000000000,157.249149412,8.74373409446,14.4271612559,6.00000000000,1325.53454476
12 Jun 2028 08:00:17.289,50961580.2549,2155.84586111,5.34999976365,2858.30549682,42.4428661248,13.1293586301,26.0000000000,62343.4771511,1779260.36258,0.00000000000,0.00000000000,0.00000000000,0.00000000000,156.931394686,8.74373409446,14.4271612559,6.00000000000,1325.21679004
19 Jun 2028 16:17:42.495,51596225.4605,2155.84586111,5.34999976365,2858.30549682,42.4428661248,13.1293586301,27.0000000000,39772.2060221,1819032.56860,0.00000000000,0.00000000000,0.00000000000,0.00000000000,156.728682117,8.74373409446,14.4271612559,6.00000000000,1325.01407747
27 Jun 2028 08:25:22.692,52259085.6574,2155.84586111,5.34999976365,2858.30549682,42.4428661248,13.1293586301,28.0000000000,65038.8187789,1884071.38738,0.00000000000,0.00000000000,0.00000000000,0.00000000000,156.397189667,8.74373409446,14.4271612559,6.00000000000,1324.68258502
04 Jul 2028 06:22:55.928,52856538.8934,2155.84586111,5.34999976365,2858.30549682,42.4428661248,13.1293586301,29.0000000000,36149.2833080,1920220.67069,0.00000000000,0.00000000000,0.00000000000,0.00000000000,156.212942555,8.74373409446,14.4271612559,6.00000000000,1324.49833791
11 Jul 2028 13:28:49.212,53486892.1771,2155.84586111,5.34999976365,2858.30549682,42.4428661248,13.1293586301,30.0000000000,67425.2047814,1987645.87547,0.00000000000,0.00000000000,0.00000000000,0.00000000000,155.869287077,8.74373409446,14.4271612559,6.00000000000,1324.15468243
18 Jul 2028 01:44:59.724,54049462.6893,2155.84586111,5.34999976365,2858.30549682,42.4428661248,13.1293586301,31.0000000000,32939.8344631,2020585.70993,0.00000000000,0.00000000000,0.00000000000,0.00000000000,155.701398013,8.74373409446,14.4271612559,6.00000000000,1323.98679336
25 Jul 2028 00:44:26.529,54650629.4946,2155.84586111,5.34999976365,2858.30549682,42.4428661248,13.1293586301,32.0000000000,69527.8083231,2090113.51825,0.00000000000,0.00000000000,0.00000000000,0.00000000000,155.347025901,8.74373409446,14.4271612559,6.00000000000,1323.63242125
31 Jul 2028 04:02:08.275,55180891.2402,2155.84586111,5.34999976365,2858.30549682,42.4428661248,13.1293586301,33.0000000000,30098.8580889,2120212.37634,0.00000000000,0.00000000000,0.00000000000,0.00000000000,155.193616838,8.74373409446,14.4271612559,6.00000000000,1323.47901219
06 Aug 2028 19:30:19.727,55754982.6930,2155.84586111,5.34999976365,2858.30549682,42.4428661248,13.1293586301,34.0000000000,71375.7189246,2191588.09527,0.00000000000,0.00000000000,0.00000000000,0.00000000000,154.829826222,8.74373409446,14.4271612559,6.00000000000,1323.11522157
12 Aug 2028 14:41:37.813,56256060.7782,2155.84586111,5.34999976365,2858.30549682,42.4428661248,13.1293586301,35.0000000000,27570.3486996,2219158.44397,0.00000000000,0.00000000000,0.00000000000,0.00000000000,154.689304567,8.74373409446,14.4271612559,6.00000000000,1322.97469992
18 Aug 2028 22:55:05.710,56804068.6759,2155.84586111,5.34999976365,2858.30549682,42.4428661248,13.1293586301,36.0000000000,72992.9986667,2292151.44263,0.00000000000,0.00000000000,0.00000000000,0.00000000000,154.317270935,8.74373409446,14.4271612559,6.00000000000,1322.60266628
24 Aug 2028 10:21:02.018,57277224.9838,2155.84586111,5.34999976365,2858.30549682,42.4428661248,13.1293586301,37.0000000000,25306.4683423,2317457.91098,0.00000000000,0.00000000000,0.00000000000,0.00000000000,154.188287916,8.74373409446,14.4271612559,6.00000000000,1322.47368327
30 Aug 2028 11:46:40.881,57800763.8463,2155.84586111,5.34999976365,2858.30549682,42.4428661248,13.1293586301,38.0000000000,74402.4650237,2391860.37600,0.00000000000,0.00000000000,0.00000000000,0.00000000000,153.809070459,8.74373409446,14.4271612559,6.00000000000,1322.09446581
04 Sep 2028 15:55:09.569,58247672.5342,2155.84586111,5.34999976365,2858.30549682,42.4428661248,13.1293586301,39.0000000000,23293.9535986,2415154.32960,0.00000000000,0.00000000000,0.00000000000,0.00000000000,153.690344905,8.74373409446,14.4271612559,6.00000000000,1321.97574026
10 Sep 2028 11:24:16.803,58749819.7689,2155.84586111,5.34999976365,2858.30549682,42.4428661248,13.1293586301,40.0000000000,75627.8195267,2490782.14912,0.00000000000,0.00000000000,0.00000000000,0.00000000000,153.304882013,8.74373409446,14.4271612559,6.00000000000,1321.59027736
15 Sep 2028 08:59:57.681,59173160.6466,2155.84586111,5.34999976365,2858.30549682,42.4428661248,13.1293586301,41.0000000000,21483.0439226,2512265.19305,0.00000000000,0.00000000000,0.00000000000,0.00000000000,153.195386376,8.74373409446,14.4271612559,6.00000000000,1321.48078173
20 Sep 2028 22:21:27.188,59653250.1541,2155.84586111,5.34999976365,2858.30549682,42.4428661248,13.1293586301,42.0000000000,76688.1653777,2588953.35843,0.00000000000,0.00000000000,0.00000000000,0.00000000000,152.804519070,8.74373409446,14.4271612559,6.00000000000,1321.08991442
25 Sep 2028 13:36:24.947,60053747.9128,2155.84586111,5.34999976365,2858.30549682,42.4428661248,13.1293586301,43.0000000000,19863.4070434,2608816.76547,0.00000000000,0.00000000000,0.00000000000,0.00000000000,152.703278463,8.74373409446,14.4271612559,6.00000000000,1320.98867381
30 Sep 2028 21:34:27.544,60514430.5099,2155.84586111,5.34999976365,2858.30549682,42.4428661248,13.1293586301,44.0000000000,77600.1626020,2686416.92807,0.00000000000,0.00000000000,0.00000000000,0.00000000000,152.307762854,8.74373409446,14.4271612559,6.00000000000,1320.59315820
05 Oct 2028 07:34:09.228,60896012.1933,2155.84586111,5.34999976365,2858.30549682,42.4428661248,13.1293586301,45.0000000000,18403.9680980,2704820.89617,0.00000000000,0.00000000000,0.00000000000,0.00000000000,152.213960774,8.74373409446,14.4271612559,6.00000000000,1320.49935612
10 Oct 2028 10:17:35.236,61337818.2013,2155.84586111,5.34999976365,2858.30549682,42.4428661248,13.1293586301,46.0000000000,78382.8765015,2783203.77267,0.00000000000,0.00000000000,0.00000000000,0.00000000000,151.814455797,8.74373409446,14.4271612559,6.00000000000,1320.09985115
14 Oct 2028 14:33:55.659,61698798.6245,2155.84586111,5.34999976365,2858.30549682,42.4428661248,13.1293586301,47.0000000000,17089.1148471,2800292.88752,0.00000000000,0.00000000000,0.00000000000,0.00000000000,151.727355313,8.74373409446,14.4271612559,6.00000000000,1320.01275066
19 Oct 2028 12:50:17.517,62124580.4823,2155.84586111,5.34999976365,2858.30549682,42.4428661248,13.1293586301,48.0000000000,79047.6230480,2879340.51057,0.00000000000,0.00000000000,0.00000000000,0.00000000000,151.324462230,8.74373409446,14.4271612559,6.00000000000,1319.60985758
23 Oct 2028 12:20:15.332,62468378.2975,2155.84586111,5.34999976365,2858.30549682,42.4428661248,13.1293586301,49.0000000000,15896.9336881,2895237.44425,0.00000000000,0.00000000000,0.00000000000,0.00000000000,151.243438103,8.74373409446,14.4271612559,6.00000000000,1319.52883345
28 Oct 2028 05:43:50.631,62876593.5968,2155.84586111,5.34999976365,2858.30549682,42.4428661248,13.1293586301,50.0000000000,79608.1784078,2974845.62266,0.00000000000,0.00000000000,0.00000000000,0.00000000000,150.837687958,8.74373409446,14.4271612559,6.00000000000,1319.12308331
01 Nov 2028 00:39:04.392,63203907.3572,2155.84586111,5.34999976365,2858.30549682,42.4428661248,13.1293586301,51.0000000000,14816.4183780,2989662.04104,0.00000000000,0.00000000000,0.00000000000,0.00000000000,150.762171045,8.74373409446,14.4271612559,6.00000000000,1319.04756639
05 Nov 2028 13:54:11.483,63597214.4484,2155.84586111,5.34999976365,2858.30549682,42.4428661248,13.1293586301,52.0000000000,80076.3616534,3069738.40269,0.00000000000,0.00000000000,0.00000000000,0.00000000000,150.354034645,8.74373409446,14.4271612559,6.00000000000,1318.63943000
09 Nov 2028 03:41:12.267,63906035.2326,2155.84586111,5.34999976365,2858.30549682,42.4428661248,13.1293586301,53.0000000000,13837.8414379,3083576.24413,0.00000000000,0.00000000000,0.00000000000,0.00000000000,150.283505382,8.74373409446,14.4271612559,6.00000000000,1318.56890073
13 Nov 2028 13:56:38.137,64288561.1024,2155.84586111,5.34999976365,2858.30549682,42.4428661248,13.1293586301,54.0000000000,80459.9665695,3164036.21070,0.00000000000,0.00000000000,0.00000000000,0.00000000000,149.873413809,8.74373409446,14.4271612559,6.00000000000,1318.15880916
17 Nov 2028 00:29:36.019,64585738.9849,2155.84586111,5.34999976365,2858.30549682,42.4428661248,13.1293586301,55.0000000000,12945.5612771,3176981.77198,0.00000000000,0.00000000000,0.00000000000,0.00000000000,149.807432355,8.74373409446,14.4271612559,6.00000000000,1318.09282771
21 Nov 2028 06:06:45.350,64951568.3158,2155.84586111,5.34999976365,2858.30549682,42.4428661248,13.1293586301,56.0000000000,80770.5749447,3257752.34692,0.00000000000,0.00000000000,0.00000000000,0.00000000000,149.395757661,8.74373409446,14.4271612559,6.00000000000,1317.68115301
24 Nov 2028 13:01:28.270,65235651.2356,2155.84586111,5.34999976365,2858.30549682,42.4428661248,13.1293586301,57.0000000000,12131.9152262,3269884.26215,0.00000000000,0.00000000000,0.00000000000,0.00000000000,149.333923231,8.74373409446,14.4271612559,6.00000000000,1317.61931858
28 Nov 2028 15:14:18.831,65589221.7967,2155.84586111,5.34999976365,2858.30549682,42.4428661248,13.1293586301,58.0000000000,81016.0944576,3350900.35661,0.00000000000,0.00000000000,0.00000000000,0.00000000000,148.920997163,8.74373409446,14.4271612559,6.00000000000,1317.20639251
01 Dec 2028 17:54:47.779,65858050.7451,2155.84586111,5.34999976365,2858.30549682,42.4428661248,13.1293586301,59.0000000000,11388.5345539,3362288.89116,0.00000000000,0.00000000000,0.00000000000,0.00000000000,148.862951625,8.74373409446,14.4271612559,6.00000000000,1317.14834698
05 Dec 2028 17:27:57.991,66202040.9571,2155.84586111,5.34999976365,2858.30549682,42.4428661248,13.1293586301,60.0000000000,81200.8543245,3443489.74548,0.00000000000,0.00000000000,0.00000000000,0.00000000000,148.449083866,8.74373409446,14.4271612559,6.00000000000,1316.73447922
08 Dec 2028 17:35:59.609,66461722.5741,2155.84586111,5.34999976365,2858.30549682,42.4428661248,13.1293586301,61.0000000000,10706.7122721,3454196.45776,0.00000000000,0.00000000000,0.00000000000,0.00000000000,148.394513467,8.74373409446,14.4271612559,6.00000000000,1316.67990882
12 Dec 2028 13:31:31.021,66792653.9861,2155.84586111,5.34999976365,2858.30549682,42.4428661248,13.1293586301,62.0000000000,81333.2907434,3535529.74850,0.00000000000,0.00000000000,0.00000000000,0.00000000000,147.979970701,8.74373409446,14.4271612559,6.00000000000,1316.26536605
15 Dec 2028 10:25:43.385,67040706.3505,2155.84586111,5.34999976365,2858.30549682,42.4428661248,13.1293586301,63.0000000000,10083.0362459,3545612.78475,0.00000000000,0.00000000000,0.00000000000,0.00000000000,147.928579079,8.74373409446,14.4271612559,6.00000000000,1316.21397443
19 Dec 2028 03:33:28.843,67361571.8091,2155.84586111,5.34999976365,2858.30549682,42.4428661248,13.1293586301,64.0000000000,81417.7488380,3627030.53358,0.00000000000,0.00000000000,0.00000000000,0.00000000000,147.513605843,8.74373409446,14.4271612559,6.00000000000,1315.79900119
21 Dec 2028 21:18:47.058,67598290.0236,2155.84586111,5.34999976365,2858.30549682,42.4428661248,13.1293586301,65.0000000000,9508.26258695,3636538.79617,0.00000000000,0.00000000000,0.00000000000,0.00000000000,147.465143750,8.74373409446,14.4271612559,6.00000000000,1315.75053910
25 Dec 2028 11:58:58.006,67910300.9713,2155.84586111,5.34999976365,2858.30549682,42.4428661248,13.1293586301,66.0000000000,81458.6232539,3717997.41942,0.00000000000,0.00000000000,0.00000000000,0.00000000000,147.049962184,8.74373409446,14.4271612559,6.00000000000,1315.33535753
28 Dec 2028 03:17:24.634,68138207.5998,2155.84586111,5.34999976365,2858.30549682,42.4428661248,13.1293586301,67.0000000000,8980.14171289,3726977.56114,0.00000000000,0.00000000000,0.00000000000,0.00000000000,147.004191839,8.74373409446,14.4271612559,6.00000000000,1315.28958719
31 Dec 2028 15:08:47.518,68440090.4832,2155.84586111,5.34999976365,2858.30549682,42.4428661248,13.1293586301,68.0000000000,81462.1588482,3808439.71999,0.00000000000,0.00000000000,0.00000000000,0.00000000000,146.588992253,8.74373409446,14.4271612559,6.00000000000,1314.87438760
03 Jan 2029 04:01:46.840,68659269.8052,2155.84586111,5.34999976365,2858.30549682,42.4428661248,13.1293586301,69.0000000000,8492.70853302,3816932.42852,0.00000000000,0.00000000000,0.00000000000,0.00000000000,146.545706277,8.74373409446,14.4271612559,6.00000000000,1314.83110163
06 Jan 2029 13:18:48.297,68951891.2626,2155.84586111,5.34999976365,2858.30549682,42.4428661248,13.1293586301,70.0000000000,81431.7054071,3898364.13393,0.00000000000,0.00000000000,0.00000000000,0.00000000000,146.130661907,8.74373409446,14.4271612559,6.00000000000,1314.41605726
08 Jan 2029 23:48:27.871,69162470.8364,2155.84586111,5.34999976365,2858.30549682,42.4428661248,13.1293586301,71.0000000000,8040.41236304,3906404.54629,0.00000000000,0.00000000000,0.00000000000,0.00000000000,146.089681212,8.74373409446,14.4271612559,6.00000000000,1314.37507656
12 Jan 2029 06:55:35.297,69447298.2621,2155.84586111,5.34999976365,2858.30549682,42.4428661248,13.1293586301,72.0000000000,81370.3998712,3987774.94616,0.00000000000,0.00000000000,0.00000000000,0.00000000000,145.674949306,8.74373409446,14.4271612559,6.00000000000,1313.96034466
14 Jan 2029 15:06:19.267,69649542.2325,2155.84586111,5.34999976365,2858.30549682,42.4428661248,13.1293586301,73.0000000000,7622.31803304,3995397.26419,0.00000000000,0.00000000000,0.00000000000,0.00000000000,145.636099571,8.74373409446,14.4271612559,6.00000000000,1313.92149492
17 Jan 2029 20:02:38.320,69926521.2854,2155.84586111,5.34999976365,2858.30549682,42.4428661248,13.1293586301,74.0000000000,81280.1787597,4076677.44295,0.00000000000,0.00000000000,0.00000000000,0.00000000000,145.221827508,8.74373409446,14.4271612559,6.00000000000,1313.50722286
20 Jan 2029 01:37:37.118,70119420.0834,2155.84586111,5.34999976365,2858.30549682,42.4428661248,13.1293586301,75.0000000000,7233.84792785,4083911.29088,0.00000000000,0.00000000000,0.00000000000,0.00000000000,145.184957743,8.74373409446,14.4271612559,6.00000000000,1313.47035309
23 Jan 2029 04:58:44.955,70390687.9205,2155.84586111,5.34999976365,2858.30549682,42.4428661248,13.1293586301,76.0000000000,81164.7617339,4165076.05261,0.00000000000,0.00000000000,0.00000000000,0.00000000000,144.771273942,8.74373409446,14.4271612559,6.00000000000,1313.05666929
25 Jan 2029 09:07:03.152,70578386.1180,2155.84586111,5.34999976365,2858.30549682,42.4428661248,13.1293586301,77.0000000000,6874.39384505,4171950.44646,0.00000000000,0.00000000000,0.00000000000,0.00000000000,144.736236257,8.74373409446,14.4271612559,6.00000000000,1313.02163161
28 Jan 2029 09:57:39.652,70840622.6181,2155.84586111,5.34999976365,2858.30549682,42.4428661248,13.1293586301,78.0000000000,81026.5071158,4252976.95357,0.00000000000,0.00000000000,0.00000000000,0.00000000000,144.323257117,8.74373409446,14.4271612559,6.00000000000,1312.60865247
30 Jan 2029 12:11:40.716,71021463.6815,2155.84586111,5.34999976365,2858.30549682,42.4428661248,13.1293586301,79.0000000000,6539.54605702,4259516.49963,0.00000000000,0.00000000000,0.00000000000,0.00000000000,144.289926098,8.74373409446,14.4271612559,6.00000000000,1312.57532145
02 Feb 2029 11:10:28.917,71276991.8825,2155.84586111,5.34999976365,2858.30549682,42.4428661248,13.1293586301,80.0000000000,80869.0625071,4340385.56214,0.00000000000,0.00000000000,0.00000000000,0.00000000000,143.877749428,8.74373409446,14.4271612559,6.00000000000,1312.16314478
04 Feb 2029 11:38:05.772,71451448.7372,2155.84586111,5.34999976365,2858.30549682,42.4428661248,13.1293586301,81.0000000000,6227.90687186,4346613.46901,0.00000000000,0.00000000000,0.00000000000,0.00000000000,143.846006784,8.74373409446,14.4271612559,6.00000000000,1312.13140213
07 Feb 2029 08:28:19.225,71699262.1905,2155.84586111,5.34999976365,2858.30549682,42.4428661248,13.1293586301,82.0000000000,80693.6202342,4427307.08925,0.00000000000,0.00000000000,0.00000000000,0.00000000000,143.434724316,8.74373409446,14.4271612559,6.00000000000,1311.72011967
09 Feb 2029 07:38:03.612,71869046.5778,2155.84586111,5.34999976365,2858.30549682,42.4428661248,13.1293586301,83.0000000000,5936.14761715,4433243.23686,0.00000000000,0.00000000000,0.00000000000,0.00000000000,143.404468721,8.74373409446,14.4271612559,6.00000000000,1311.68986407
12 Feb 2029 03:14:20.684,72112423.6497,2155.84586111,5.34999976365,2858.30549682,42.4428661248,13.1293586301,84.0000000000,80500.9343511,4513744.17121,0.00000000000,0.00000000000,0.00000000000,0.00000000000,142.994168342,8.74373409446,14.4271612559,6.00000000000,1311.27956369
14 Feb 2029 00:19:44.961,72274747.9266,2155.84586111,5.34999976365,2858.30549682,42.4428661248,13.1293586301,85.0000000000,5664.51021913,4519408.68143,0.00000000000,0.00000000000,0.00000000000,0.00000000000,142.965297240,8.74373409446,14.4271612559,6.00000000000,1311.25069259
16 Feb 2029 18:22:00.066,72512483.0314,2155.84586111,5.34999976365,2858.30549682,42.4428661248,13.1293586301,86.0000000000,80292.9224079,4599701.60384,0.00000000000,0.00000000000,0.00000000000,0.00000000000,142.556057065,8.74373409446,14.4271612559,6.00000000000,1310.84145242
18 Feb 2029 13:54:29.676,72669232.6413,2155.84586111,5.34999976365,2858.30549682,42.4428661248,13.1293586301,87.0000000000,5410.36478989,4605111.96863,0.00000000000,0.00000000000,0.00000000000,0.00000000000,142.528481302,8.74373409446,14.4271612559,6.00000000000,1310.81387665
21 Feb 2029 06:26:44.900,72901567.8657,2155.84586111,5.34999976365,2858.30549682,42.4428661248,13.1293586301,88.0000000000,80072.4794054,4685184.44804,0.00000000000,0.00000000000,0.00000000000,0.00000000000,142.120364689,8.74373409446,14.4271612559,6.00000000000,1310.40576004
23 Feb 2029 00:29:50.761,73052953.7266,2155.84586111,5.34999976365,2858.30549682,42.4428661248,13.1293586301,89.0000000000,5171.70655411,4690356.15459,0.00000000000,0.00000000000,0.00000000000,0.00000000000,142.094005328,8.74373409446,14.4271612559,6.00000000000,1310.37940068
25 Feb 2029 15:37:11.947,73280194.9123,2155.84586111,5.34999976365,2858.30549682,42.4428661248,13.1293586301,90.0000000000,79837.4988940,4770193.65348,0.00000000000,0.00000000000,0.00000000000,0.00000000000,141.687086374,8.74373409446,14.4271612559,6.00000000000,1309.97248172
27 Feb 2029 08:11:35.667,73426258.6327,2155.84586111,5.34999976365,2858.30549682,42.4428661248,13.1293586301,91.0000000000,4948.03832704,4775141.69181,0.00000000000,0.00000000000,0.00000000000,0.00000000000,141.661867014,8.74373409446,14.4271612559,6.00000000000,1309.94726236
01 Mar 2029 22:01:54.377,73648877.3421,2155.84586111,5.34999976365,2858.30549682,42.4428661248,13.1293586301,92.0000000000,79595.2364778,4854736.92829,0.00000000000,0.00000000000,0.00000000000,0.00000000000,141.256182832,8.74373409446,14.4271612559,6.00000000000,1309.54157818
03 Mar 2029 13:27:29.192,73790812.1575,2155.84586111,5.34999976365,2858.30549682,42.4428661248,13.1293586301,93.0000000000,4737.67474014,4859474.60303,0.00000000000,0.00000000000,0.00000000000,0.00000000000,141.232035662,8.74373409446,14.4271612559,6.00000000000,1309.51743101
06 Mar 2029 01:47:00.226,74007983.1915,2155.84586111,5.34999976365,2858.30549682,42.4428661248,13.1293586301,94.0000000000,79342.2139768,4938816.81701,0.00000000000,0.00000000000,0.00000000000,0.00000000000,140.827641096,8.74373409446,14.4271612559,6.00000000000,1309.11303645
07 Mar 2029 15:26:50.904,74143573.8694,2155.84586111,5.34999976365,2858.30549682,42.4428661248,13.1293586301,95.0000000000,4540.18329915,4943357.00030,0.00000000000,0.00000000000,0.00000000000,0.00000000000,140.804500508,8.74373409446,14.4271612559,6.00000000000,1309.08989586
10 Mar 2029 03:01:23.783,74358046.7485,2155.84586111,5.34999976365,2858.30549682,42.4428661248,13.1293586301,96.0000000000,79079.6636366,5022436.66394,0.00000000000,0.00000000000,0.00000000000,0.00000000000,140.401444119,8.74373409446,14.4271612559,6.00000000000,1308.68683947
11 Mar 2029 15:17:44.417,74488627.3823,2155.84586111,5.34999976365,2858.30549682,42.4428661248,13.1293586301,97.0000000000,4354.18882985,5026790.85277,0.00000000000,0.00000000000,0.00000000000,0.00000000000,140.379251515,8.74373409446,14.4271612559,6.00000000000,1308.66464687
14 Mar 2029 01:29:26.105,74698129.0704,2155.84586111,5.34999976365,2858.30549682,42.4428661248,13.1293586301,98.0000000000,78808.0228096,5105598.87558,0.00000000000,0.00000000000,0.00000000000,0.00000000000,139.977579635,8.74373409446,14.4271612559,6.00000000000,1308.26297499
15 Mar 2029 13:45:26.448,74828689.4132,2155.84586111,5.34999976365,2858.30549682,42.4428661248,13.1293586301,99.0000000000,4179.17817084,5109778.05375,0.00000000000,0.00000000000,0.00000000000,0.00000000000,139.956279033,8.74373409446,14.4271612559,6.00000000000,1308.24167438
17 Mar 2029 22:26:14.309,75032737.2743,2155.84586111,5.34999976365,2858.30549682,42.4428661248,13.1293586301,100.000000000,78532.9300513,5188310.98380,0.00000000000,0.00000000000,0.00000000000,0.00000000000,139.556009257,8.74373409446,14.4271612559,6.00000000000,1307.84140461
19 Mar 2029 09:15:17.134,75158080.0996,2155.84586111,5.34999976365,2858.30549682,42.4428661248,13.1293586301,101.000000000,4014.44651087,5192325.43031,0.00000000000,0.00000000000,0.00000000000,0.00000000000,139.535548265,8.74373409446,14.4271612559,6.00000000000,1307.82094362
21 Mar 2029 16:47:17.023,75357999.9884,2155.84586111,5.34999976365,2858.30549682,42.4428661248,13.1293586301,102.000000000,78247.2000104,5270572.63032,0.00000000000,0.00000000000,0.00000000000,0.00000000000,139.136734810,8.74373409446,14.4271612559,6.00000000000,1307.42213016
23 Mar 2029 02:33:30.534,75479573.5000,2155.84586111,5.34999976365,2858.30549682,42.4428661248,13.1293586301,103.000000000,3858.98564902,5274431.61597,0.00000000000,0.00000000000,0.00000000000,0.00000000000,139.117066177,8.74373409446,14.4271612559,6.00000000000,1307.40246153
25 Mar 2029 09:02:00.453,75675683.4190,2155.84586111,5.34999976365,2858.30549682,42.4428661248,13.1293586301,104.000000000,77958.0700015,5352389.68597,0.00000000000,0.00000000000,0.00000000000,0.00000000000,138.719726371,8.74373409446,14.4271612559,6.00000000000,1307.00512172
26 Mar 2029 17:49:03.397,75793706.3629,2155.84586111,5.34999976365,2858.30549682,42.4428661248,13.1293586301,105.000000000,3711.73112090,5356101.41710,0.00000000000,0.00000000000,0.00000000000,0.00000000000,138.700808272,8.74373409446,14.4271612559,6.00000000000,1306.98620362
28 Mar 2029 23:15:37.197,75986100.1629,2155.84586111,5.34999976365,2858.30549682,42.4428661248,13.1293586301,106.000000000,77664.2624917,5433765.67959,0.00000000000,0.00000000000,0.00000000000,0.00000000000,138.304965955,8.74373409446,14.4271612559,6.00000000000,1306.59036131
30 Mar 2029 07:05:25.811,76100688.7764,2155.84586111,5.34999976365,2858.30549682,42.4428661248,13.1293586301,107.000000000,3572.47978187,5437338.15937,0.00000000000,0.00000000000,0.00000000000,0.00000000000,138.286757597,8.74373409446,14.4271612559,6.00000000000,1306.57215295
01 Apr 2029 11:33:10.226,76289553.1912,2155.84586111,5.34999976365,2858.30549682,42.4428661248,13.1293586301,108.000000000,77365.8754745,5514704.03484,0.00000000000,0.00000000000,0.00000000000,0.00000000000,137.892436112,8.74373409446,14.4271612559,6.00000000000,1306.17783146
02 Apr 2029 18:28:11.257,76400854.2223,2155.84586111,5.34999976365,2858.30549682,42.4428661248,13.1293586301,109.000000000,3440.96546490,5518145.00031,0.00000000000,0.00000000000,0.00000000000,0.00000000000,137.874898062,8.74373409446,14.4271612559,6.00000000000,1306.16029341
04 Apr 2029 21:59:30.730,76586333.6953,2155.84586111,5.34999976365,2858.30549682,42.4428661248,13.1293586301,110.000000000,77065.5528924,5595210.55320,0.00000000000,0.00000000000,0.00000000000,0.00000000000,137.482107272,8.74373409446,14.4271612559,6.00000000000,1305.76750262
06 Apr 2029 04:02:51.846,76694534.8117,2155.84586111,5.34999976365,2858.30549682,42.4428661248,13.1293586301,111.000000000,3316.47930305,5598527.03250,0.00000000000,0.00000000000,0.00000000000,0.00000000000,137.465203708,8.74373409446,14.4271612559,6.00000000000,1305.75059906
08 Apr 2029 06:39:13.207,76876716.1726,2155.84586111,5.34999976365,2858.30549682,42.4428661248,13.1293586301,112.000000000,76758.8609276,5675285.89343,0.00000000000,0.00000000000,0.00000000000,0.00000000000,137.073976078,8.74373409446,14.4271612559,6.00000000000,1305.35937143
09 Apr 2029 11:51:57.995,76981880.9610,2155.84586111,5.34999976365,2858.30549682,42.4428661248,13.1293586301,113.000000000,3197.88851315,5678483.78194,0.00000000000,0.00000000000,0.00000000000,0.00000000000,137.057676952,8.74373409446,14.4271612559,6.00000000000,1305.34307230
11 Apr 2029 13:35:38.071,77160901.0368,2155.84586111,5.34999976365,2858.30549682,42.4428661248,13.1293586301,114.000000000,76452.2831415,5754936.06509,0.00000000000,0.00000000000,0.00000000000,0.00000000000,136.668011901,8.74373409446,14.4271612559,6.00000000000,1304.95340725
12 Apr 2029 17:59:35.632,77263138.5973,2155.84586111,5.34999976365,2858.30549682,42.4428661248,13.1293586301,115.000000000,3085.87767904,5758021.94277,0.00000000000,0.00000000000,0.00000000000,0.00000000000,136.652283676,8.74373409446,14.4271612559,6.00000000000,1304.93767903
14 Apr 2029 18:53:49.750,77439192.7156,2155.84586111,5.34999976365,2858.30549682,42.4428661248,13.1293586301,116.000000000,76138.8302476,5834160.77301,0.00000000000,0.00000000000,0.00000000000,0.00000000000,136.264216244,8.74373409446,14.4271612559,6.00000000000,1304.54961159
15 Apr 2029 22:33:22.275,77538765.2410,2155.84586111,5.34999976365,2858.30549682,42.4428661248,13.1293586301,117.000000000,2979.46155311,5837140.23457,0.00000000000,0.00000000000,0.00000000000,0.00000000000,136.249030405,8.74373409446,14.4271612559,6.00000000000,1304.53442576
17 Apr 2029 22:21:15.824,77710838.7898,2155.84586111,5.34999976365,2858.30549682,42.4428661248,13.1293586301,118.000000000,75825.7218294,5912965.95640,0.00000000000,0.00000000000,0.00000000000,0.00000000000,135.862558836,8.74373409446,14.4271612559,6.00000000000,1304.14795419
19 Apr 2029 01:28:42.310,77808485.2754,2155.84586111,5.34999976365,2858.30549682,42.4428661248,13.1293586301,119.000000000,2878.02918486,5915843.98558,0.00000000000,0.00000000000,0.00000000000,0.00000000000,135.847889982,8.74373409446,14.4271612559,6.00000000000,1304.13328533
21 Apr 2029 00:50:28.006,77978990.9717,2155.84586111,5.34999976365,2858.30549682,42.4428661248,13.1293586301,120.000000000,75511.3976724,5991355.38325,0.00000000000,0.00000000000,0.00000000000,0.00000000000,135.463020473,8.74373409446,14.4271612559,6.00000000000,1303.74841582
22 Apr 2029 03:00:11.161,78073174.1269,2155.84586111,5.34999976365,2858.30549682,42.4428661248,13.1293586301,121.000000000,2781.50069894,5994136.88395,0.00000000000,0.00000000000,0.00000000000,0.00000000000,135.448843609,8.74373409446,14.4271612559,6.00000000000,1303.73423896
24 Apr 2029 01:34:42.434,78240845.3997,2155.84586111,5.34999976365,2858.30549682,42.4428661248,13.1293586301,122.000000000,75195.1153273,6069331.99928,0.00000000000,0.00000000000,0.00000000000,0.00000000000,135.065586140,8.74373409446,14.4271612559,6.00000000000,1303.35098149
25 Apr 2029 02:59:19.268,78332322.2338,2155.84586111,5.34999976365,2858.30549682,42.4428661248,13.1293586301,123.000000000,2689.74230097,6072021.74158,0.00000000000,0.00000000000,0.00000000000,0.00000000000,135.051876954,8.74373409446,14.4271612559,6.00000000000,1303.33727230
27 Apr 2029 00:54:05.865,78497608.8304,2155.84586111,5.34999976365,2858.30549682,42.4428661248,13.1293586301,124.000000000,74878.6175343,6146900.35911,0.00000000000,0.00000000000,0.00000000000,0.00000000000,134.670232624,8.74373409446,14.4271612559,6.00000000000,1302.95562797
28 Apr 2029 01:48:20.200,78587263.1652,2155.84586111,5.34999976365,2858.30549682,42.4428661248,13.1293586301,125.000000000,2602.55873393,6149502.91785,0.00000000000,0.00000000000,0.00000000000,0.00000000000,134.656967799,8.74373409446,14.4271612559,6.00000000000,1302.94236315
29 Apr 2029 22:52:00.633,78749483.5991,2155.84586111,5.34999976365,2858.30549682,42.4428661248,13.1293586301,126.000000000,74562.4124079,6224065.33026,0.00000000000,0.00000000000,0.00000000000,0.00000000000,134.276935116,8.74373409446,14.4271612559,6.00000000000,1302.56233047
30 Apr 2029 22:44:18.401,78835421.3666,2155.84586111,5.34999976365,2858.30549682,42.4428661248,13.1293586301,127.000000000,2519.18895912,6226584.51922,0.00000000000,0.00000000000,0.00000000000,0.00000000000,134.264095213,8.74373409446,14.4271612559,6.00000000000,1302.54949056
02 May 2029 19:31:00.764,78996623.7298,2155.84586111,5.34999976365,2858.30549682,42.4428661248,13.1293586301,128.000000000,74240.3760709,6300824.89529,0.00000000000,0.00000000000,0.00000000000,0.00000000000,133.885703898,8.74373409446,14.4271612559,6.00000000000,1302.17109925
03 May 2029 19:15:52.548,79082115.5132,2155.84586111,5.34999976365,2858.30549682,42.4428661248,13.1293586301,129.000000000,2439.61613397,6303264.51142,0.00000000000,0.00000000000,0.00000000000,0.00000000000,133.873269565,8.74373409446,14.4271612559,6.00000000000,1302.15866491
05 May 2029 14:53:56.028,79239198.9932,2155.84586111,5.34999976365,2858.30549682,42.4428661248,13.1293586301,130.000000000,73924.2497552,6377188.76118,0.00000000000,0.00000000000,0.00000000000,0.00000000000,133.496489495,8.74373409446,14.4271612559,6.00000000000,1301.78188484
06 May 2029 14:04:27.553,79322630.5185,2155.84586111,5.34999976365,2858.30549682,42.4428661248,13.1293586301,131.000000000,2363.76908195,6379552.53026,0.00000000000,0.00000000000,0.00000000000,0.00000000000,133.484441742,8.74373409446,14.4271612559,6.00000000000,1301.76983709
08 May 2029 09:03:22.676,79477365.6413,2155.84586111,5.34999976365,2858.30549682,42.4428661248,13.1293586301,132.000000000,73601.3929750,6453153.92323,0.00000000000,0.00000000000,0.00000000000,0.00000000000,133.109307221,8.74373409446,14.4271612559,6.00000000000,1301.39470257
09 May 2029 07:40:16.639,79558779.6042,2155.84586111,5.34999976365,2858.30549682,42.4428661248,13.1293586301,133.000000000,2291.36270607,6455445.28594,0.00000000000,0.00000000000,0.00000000000,0.00000000000,133.097628512,8.74373409446,14.4271612559,6.00000000000,1301.38302386
11 May 2029 02:01:58.599,79711281.5641,2155.84586111,5.34999976365,2858.30549682,42.4428661248,13.1293586301,134.000000000,73282.8900767,6528728.17602,0.00000000000,0.00000000000,0.00000000000,0.00000000000,132.724117350,8.74373409446,14.4271612559,6.00000000000,1301.00951270
12 May 2029 00:06:22.473,79790745.4388,2155.84586111,5.34999976365,2858.30549682,42.4428661248,13.1293586301,135.000000000,2221.88032512,6530950.05634,0.00000000000,0.00000000000,0.00000000000,0.00000000000,132.712792781,8.74373409446,14.4271612559,6.00000000000,1300.99818813
13 May 2029 17:51:49.377,79941072.3431,2155.84586111,5.34999976365,2858.30549682,42.4428661248,13.1293586301,136.000000000,72966.0434842,6603916.09982,0.00000000000,0.00000000000,0.00000000000,0.00000000000,132.340896535,8.74373409446,14.4271612559,6.00000000000,1300.62629189
14 May 2029 15:24:51.943,80018654.9091,2155.84586111,5.34999976365,2858.30549682,42.4428661248,13.1293586301,137.000000000,2155.49870187,6606071.59853,0.00000000000,0.00000000000,0.00000000000,0.00000000000,132.329910303,8.74373409446,14.4271612559,6.00000000000,1300.61530565
16 May 2029 08:35:11.900,80166874.8655,2155.84586111,5.34999976365,2858.30549682,42.4428661248,13.1293586301,138.000000000,72647.9354257,6678719.53395,0.00000000000,0.00000000000,0.00000000000,0.00000000000,131.959635403,8.74373409446,14.4271612559,6.00000000000,1300.24503075
17 May 2029 05:38:03.951,80242646.9164,2155.84586111,5.34999976365,2858.30549682,42.4428661248,13.1293586301,139.000000000,2092.05959685,6680811.59355,0.00000000000,0.00000000000,0.00000000000,0.00000000000,131.948972510,8.74373409446,14.4271612559,6.00000000000,1300.23436786
18 May 2029 22:18:37.366,80389080.3316,2155.84586111,5.34999976365,2858.30549682,42.4428661248,13.1293586301,140.000000000,72328.9947135,6753140.58826,0.00000000000,0.00000000000,0.00000000000,0.00000000000,131.580323199,8.74373409446,14.4271612559,6.00000000000,1299.86571855
19 May 2029 18:48:09.132,80462852.0975,2155.84586111,5.34999976365,2858.30549682,42.4428661248,13.1293586301,141.000000000,2031.33375192,6755171.92201,0.00000000000,0.00000000000,0.00000000000,0.00000000000,131.569969816,8.74373409446,14.4271612559,6.00000000000,1299.85536517
21 May 2029 10:33:21.346,80605964.3113,2155.84586111,5.34999976365,2858.30549682,42.4428661248,13.1293586301,142.000000000,72011.2163920,6827183.13841,0.00000000000,0.00000000000,0.00000000000,0.00000000000,131.202940171,8.74373409446,14.4271612559,6.00000000000,1299.48833552
22 May 2029 06:57:07.657,80679390.6225,2155.84586111,5.34999976365,2858.30549682,42.4428661248,13.1293586301,143.000000000,1973.04575303,6829156.18416,0.00000000000,0.00000000000,0.00000000000,0.00000000000,131.192883873,8.74373409446,14.4271612559,6.00000000000,1299.47827922
23 May 2029 22:28:22.379,80821665.3447,2155.84586111,5.34999976365,2858.30549682,42.4428661248,13.1293586301,144.000000000,71692.7323882,6900848.91655,0.00000000000,0.00000000000,0.00000000000,0.00000000000,130.827477490,8.74373409446,14.4271612559,6.00000000000,1299.11287284
24 May 2029 18:06:36.824,80892359.7891,2155.84586111,5.34999976365,2858.30549682,42.4428661248,13.1293586301,145.000000000,1917.07597986,6902765.99253,0.00000000000,0.00000000000,0.00000000000,0.00000000000,130.817706460,8.74373409446,14.4271612559,6.00000000000,1299.10310181
26 May 2029 08:46:35.940,81031558.9056,2155.84586111,5.34999976365,2858.30549682,42.4428661248,13.1293586301,146.000000000,71374.1252584,6974140.11779,0.00000000000,0.00000000000,0.00000000000,0.00000000000,130.453923966,8.74373409446,14.4271612559,6.00000000000,1298.73931932
27 May 2029 04:18:44.123,81101887.0882,2155.84586111,5.34999976365,2858.30549682,42.4428661248,13.1293586301,147.000000000,1863.55480787,6976003.67259,0.00000000000,0.00000000000,0.00000000000,0.00000000000,130.444425726,8.74373409446,14.4271612559,6.00000000000,1298.72982108
28 May 2029 18:48:34.603,81240477.5690,2155.84586111,5.34999976365,2858.30549682,42.4428661248,13.1293586301,148.000000000,71060.5039985,7047064.17659,0.00000000000,0.00000000000,0.00000000000,0.00000000000,130.082241709,8.74373409446,14.4271612559,6.00000000000,1298.36763706
29 May 2029 13:35:04.447,81308067.4124,2155.84586111,5.34999976365,2858.30549682,42.4428661248,13.1293586301,149.000000000,1812.46246813,7048876.63906,0.00000000000,0.00000000000,0.00000000000,0.00000000000,130.073003878,8.74373409446,14.4271612559,6.00000000000,1298.35839923
31 May 2029 02:57:36.857,81442619.8226,2155.84586111,5.34999976365,2858.30549682,42.4428661248,13.1293586301,150.000000000,70746.6827972,7119623.32186,0.00000000000,0.00000000000,0.00000000000,0.00000000000,129.712419359,8.74373409446,14.4271612559,6.00000000000,1297.99781471
31 May 2029 21:57:52.780,81511035.7455,2155.84586111,5.34999976365,2858.30549682,42.4428661248,13.1293586301,151.000000000,1762.99857901,7121386.32044,0.00000000000,0.00000000000,0.00000000000,0.00000000000,129.703433637,8.74373409446,14.4271612559,6.00000000000,1297.98882899
02 Jun 2029 11:29:46.685,81646149.6509,2155.84586111,5.34999976365,2858.30549682,42.4428661248,13.1293586301,152.000000000,70430.3373847,7191816.65782,0.00000000000,0.00000000000,0.00000000000,0.00000000000,129.344461479,8.74373409446,14.4271612559,6.00000000000,1297.62985683
03 Jun 2029 05:27:55.657,81710838.6229,2155.84586111,5.34999976365,2858.30549682,42.4428661248,13.1293586301,153.000000000,1715.80470999,7193532.46253,0.00000000000,0.00000000000,0.00000000000,0.00000000000,129.335716297,8.74373409446,14.4271612559,6.00000000000,1297.62111165
04 Jun 2029 18:32:26.168,81844309.1334,2155.84586111,5.34999976365,2858.30549682,42.4428661248,13.1293586301,154.000000000,70121.3584861,7263653.82102,0.00000000000,0.00000000000,0.00000000000,0.00000000000,128.978318955,8.74373409446,14.4271612559,6.00000000000,1297.26371431
05 Jun 2029 12:07:12.633,81907595.5986,2155.84586111,5.34999976365,2858.30549682,42.4428661248,13.1293586301,155.000000000,1670.11996703,7265323.94098,0.00000000000,0.00000000000,0.00000000000,0.00000000000,128.969806621,8.74373409446,14.4271612559,6.00000000000,1297.25520197
07 Jun 2029 00:44:49.003,82039451.9687,2155.84586111,5.34999976365,2858.30549682,42.4428661248,13.1293586301,156.000000000,69808.0933926,7335132.03438,0.00000000000,0.00000000000,0.00000000000,0.00000000000,128.614005941,8.74373409446,14.4271612559,6.00000000000,1296.89940129
07 Jun 2029 17:57:07.463,82101390.4284,2155.84586111,5.34999976365,2858.30549682,42.4428661248,13.1293586301,157.000000000,1626.59065802,7336758.62503,0.00000000000,0.00000000000,0.00000000000,0.00000000000,128.605715469,8.74373409446,14.4271612559,6.00000000000,1296.89111082
09 Jun 2029 06:08:41.773,82231684.7383,2155.84586111,5.34999976365,2858.30549682,42.4428661248,13.1293586301,158.000000000,69496.7910203,7406255.41606,0.00000000000,0.00000000000,0.00000000000,0.00000000000,128.251501447,8.74373409446,14.4271612559,6.00000000000,1296.53689680
09 Jun 2029 22:59:29.000,82292331.9654,2155.84586111,5.34999976365,2858.30549682,42.4428661248,13.1293586301,159.000000000,1584.36310090,7407839.77916,0.00000000000,0.00000000000,0.00000000000,0.00000000000,128.243426202,8.74373409446,14.4271612559,6.00000000000,1296.52882155
11 Jun 2029 10:45:21.054,82421084.0196,2155.84586111,5.34999976365,2858.30549682,42.4428661248,13.1293586301,160.000000000,69192.8196031,7477032.59876,0.00000000000,0.00000000000,0.00000000000,0.00000000000,127.890761474,8.74373409446,14.4271612559,6.00000000000,1296.17615682
12 Jun 2029 03:15:57.531,82480520.4963,2155.84586111,5.34999976365,2858.30549682,42.4428661248,13.1293586301,161.000000000,1543.72499497,7478576.32375,0.00000000000,0.00000000000,0.00000000000,0.00000000000,127.882893355,8.74373409446,14.4271612559,6.00000000000,1296.16828871
13 Jun 2029 14:36:03.162,82607726.1272,2155.84586111,5.34999976365,2858.30549682,42.4428661248,13.1293586301,162.000000000,68886.0446716,7547462.36843,0.00000000000,0.00000000000,0.00000000000,0.00000000000,127.531792210,8.74373409446,14.4271612559,6.00000000000,1295.81718756
14 Jun 2029 06:44:19.345,82665822.3107,2155.84586111,5.34999976365,2858.30549682,42.4428661248,13.1293586301,163.000000000,1504.82324114,7548967.19167,0.00000000000,0.00000000000,0.00000000000,0.00000000000,127.524122367,8.74373409446,14.4271612559,6.00000000000,1295.80951772
15 Jun 2029 17:42:09.999,82791692.9650,2155.84586111,5.34999976365,2858.30549682,42.4428661248,13.1293586301,164.000000000,68577.8830174,7617545.07468,0.00000000000,0.00000000000,0.00000000000,0.00000000000,127.174591872,8.74373409446,14.4271612559,6.00000000000,1295.45998722
16 Jun 2029 09:37:02.357,82848985.3222,2155.84586111,5.34999976365,2858.30549682,42.4428661248,13.1293586301,165.000000000,1467.41479199,7619012.48948,0.00000000000,0.00000000000,0.00000000000,0.00000000000,127.167112694,8.74373409446,14.4271612559,6.00000000000,1295.45250804
17 Jun 2029 20:04:59.856,82973062.8213,2155.84586111,5.34999976365,2858.30549682,42.4428661248,13.1293586301,166.000000000,68271.6440883,7687284.13356,0.00000000000,0.00000000000,0.00000000000,0.00000000000,126.819143050,8.74373409446,14.4271612559,6.00000000000,1295.10453840
18 Jun 2029 11:24:59.608,83028262.5734,2155.84586111,5.34999976365,2858.30549682,42.4428661248,13.1293586301,167.000000000,1431.32479903,7688715.45836,0.00000000000,0.00000000000,0.00000000000,0.00000000000,126.811847817,8.74373409446,14.4271612559,6.00000000000,1295.09724317
19 Jun 2029 21:45:41.900,83151904.8657,2155.84586111,5.34999976365,2858.30549682,42.4428661248,13.1293586301,168.000000000,67968.1220673,7756683.58043,0.00000000000,0.00000000000,0.00000000000,0.00000000000,126.465425176,8.74373409446,14.4271612559,6.00000000000,1294.75082053
20 Jun 2029 13:01:20.499,83206843.4649,2155.84586111,5.34999976365,2858.30549682,42.4428661248,13.1293586301,169.000000000,1396.49605200,7758080.07648,0.00000000000,0.00000000000,0.00000000000,0.00000000000,126.458307459,8.74373409446,14.4271612559,6.00000000000,1294.74370281
21 Jun 2029 22:45:24.206,83328287.1712,2155.84586111,5.34999976365,2858.30549682,42.4428661248,13.1293586301,170.000000000,67667.0313957,7825747.10788,0.00000000000,0.00000000000,0.00000000000,0.00000000000,126.113419430,8.74373409446,14.4271612559,6.00000000000,1294.39881478
22 Jun 2029 13:27:20.961,83381203.9270,2155.84586111,5.34999976365,2858.30549682,42.4428661248,13.1293586301,171.000000000,1362.90389299,7827110.01177,0.00000000000,0.00000000000,0.00000000000,0.00000000000,126.106472927,8.74373409446,14.4271612559,6.00000000000,1294.39186828
23 Jun 2029 23:05:13.096,83502276.0616,2155.84586111,5.34999976365,2858.30549682,42.4428661248,13.1293586301,172.000000000,67368.4016027,7894478.41337,0.00000000000,0.00000000000,0.00000000000,0.00000000000,125.763106965,8.74373409446,14.4271612559,6.00000000000,1294.04850232
24 Jun 2029 13:46:13.424,83555136.3894,2155.84586111,5.34999976365,2858.30549682,42.4428661248,13.1293586301,173.000000000,1330.50480111,7895808.91818,0.00000000000,0.00000000000,0.00000000000,0.00000000000,125.756325595,8.74373409446,14.4271612559,6.00000000000,1294.04172095
25 Jun 2029 22:49:20.649,83674123.6151,2155.84586111,5.34999976365,2858.30549682,42.4428661248,13.1293586301,174.000000000,67072.4994456,7962881.41762,0.00000000000,0.00000000000,0.00000000000,0.00000000000,125.414467800,8.74373409446,14.4271612559,6.00000000000,1293.69986315
26 Jun 2029 12:48:27.695,83724470.6603,2155.84586111,5.34999976365,2858.30549682,42.4428661248,13.1293586301,175.000000000,1299.20933397,7964180.62695,0.00000000000,0.00000000000,0.00000000000,0.00000000000,125.407845938,8.74373409446,14.4271612559,6.00000000000,1293.69324129
27 Jun 2029 21:39:41.890,83842744.8558,2155.84586111,5.34999976365,2858.30549682,42.4428661248,13.1293586301,176.000000000,66778.3942957,8030959.02125,0.00000000000,0.00000000000,0.00000000000,0.00000000000,125.067487150,8.74373409446,14.4271612559,6.00000000000,1293.35288250
28 Jun 2029 11:34:44.316,83892847.2819,2155.84586111,5.34999976365,2858.30549682,42.4428661248,13.1293586301,177.000000000,1268.90399706,8032227.92525,0.00000000000,0.00000000000,0.00000000000,0.00000000000,125.061019749,8.74373409446,14.4271612559,6.00000000000,1293.34641510
29 Jun 2029 20:15:47.643,84010510.6091,2155.84586111,5.34999976365,2858.30549682,42.4428661248,13.1293586301,178.000000000,66483.1308195,8098711.05607,0.00000000000,0.00000000000,0.00000000000,0.00000000000,124.722165871,8.74373409446,14.4271612559,6.00000000000,1293.00756122
30 Jun 2029 09:46:52.294,84059175.2592,2155.84586111,5.34999976365,2858.30549682,42.4428661248,13.1293586301,179.000000000,1239.54291707,8099950.59898,0.00000000000,0.00000000000,0.00000000000,0.00000000000,124.715848119,8.74373409446,14.4271612559,6.00000000000,1293.00124347
01 Jul 2029 17:55:31.584,84174894.5498,2155.84586111,5.34999976365,2858.30549682,42.4428661248,13.1293586301,180.000000000,66187.3580578,8166137.95704,0.00000000000,0.00000000000,0.00000000000,0.00000000000,124.378501748,8.74373409446,14.4271612559,6.00000000000,1292.66389710
02 Jul 2029 07:44:05.752,84224608.7179,2155.84586111,5.34999976365,2858.30549682,42.4428661248,13.1293586301,181.000000000,1211.22587185,8167349.18291,0.00000000000,0.00000000000,0.00000000000,0.00000000000,124.372328324,8.74373409446,14.4271612559,6.00000000000,1292.65772367
03 Jul 2029 15:20:50.295,84338413.2610,2155.84586111,5.34999976365,2858.30549682,42.4428661248,13.1293586301,182.000000000,65902.0765434,8233251.25946,0.00000000000,0.00000000000,0.00000000000,0.00000000000,124.036435986,8.74373409446,14.4271612559,6.00000000000,1292.32183134
04 Jul 2029 04:44:08.197,84386611.1631,2155.84586111,5.34999976365,2858.30549682,42.4428661248,13.1293586301,183.000000000,1183.95226294,8234435.21172,0.00000000000,0.00000000000,0.00000000000,0.00000000000,124.030401571,8.74373409446,14.4271612559,6.00000000000,1292.31579692
05 Jul 2029 11:43:43.673,84498186.6389,2155.84586111,5.34999976365,2858.30549682,42.4428661248,13.1293586301,184.000000000,65614.1855796,8300049.39730,0.00000000000,0.00000000000,0.00000000000,0.00000000000,123.695976568,8.74373409446,14.4271612559,6.00000000000,1291.98137192
06 Jul 2029 01:10:19.196,84546582.1612,2155.84586111,5.34999976365,2858.30549682,42.4428661248,13.1293586301,185.000000000,1157.42192692,8301206.81923,0.00000000000,0.00000000000,0.00000000000,0.00000000000,123.690077374,8.74373409446,14.4271612559,6.00000000000,1291.97547272
07 Jul 2029 08:08:59.898,84658102.8637,2155.84586111,5.34999976365,2858.30549682,42.4428661248,13.1293586301,186.000000000,65323.1912913,8366530.01052,0.00000000000,0.00000000000,0.00000000000,0.00000000000,123.357135522,8.74373409446,14.4271612559,6.00000000000,1291.64253087
07 Jul 2029 21:03:19.736,84704562.7012,2155.84586111,5.34999976365,2858.30549682,42.4428661248,13.1293586301,187.000000000,1131.85039587,8367661.86091,0.00000000000,0.00000000000,0.00000000000,0.00000000000,123.351366662,8.74373409446,14.4271612559,6.00000000000,1291.63676201
09 Jul 2029 03:17:42.018,84813424.9837,2155.84586111,5.34999976365,2858.30549682,42.4428661248,13.1293586301,188.000000000,65045.7146955,8432707.57561,0.00000000000,0.00000000000,0.00000000000,0.00000000000,123.019839064,8.74373409446,14.4271612559,6.00000000000,1291.30523441
09 Jul 2029 16:24:20.869,84860623.8343,2155.84586111,5.34999976365,2858.30549682,42.4428661248,13.1293586301,189.000000000,1107.07516092,8433814.65077,0.00000000000,0.00000000000,0.00000000000,0.00000000000,123.014196479,8.74373409446,14.4271612559,6.00000000000,1291.29959183
10 Jul 2029 22:46:41.181,84969964.1466,2155.84586111,5.34999976365,2858.30549682,42.4428661248,13.1293586301,190.000000000,64754.6367556,8498569.28753,0.00000000000,0.00000000000,0.00000000000,0.00000000000,122.684152459,8.74373409446,14.4271612559,6.00000000000,1290.96954781
11 Jul 2029 11:13:39.252,85014782.2174,2155.84586111,5.34999976365,2858.30549682,42.4428661248,13.1293586301,191.000000000,1083.09222108,8499652.37975,0.00000000000,0.00000000000,0.00000000000,0.00000000000,122.678632111,8.74373409446,14.4271612559,6.00000000000,1290.96402746
12 Jul 2029 17:18:40.310,85123083.2760,2155.84586111,5.34999976365,2858.30549682,42.4428661248,13.1293586301,192.000000000,64483.5307323,8564135.91048,0.00000000000,0.00000000000,0.00000000000,0.00000000000,122.349969875,8.74373409446,14.4271612559,6.00000000000,1290.63536523
13 Jul 2029 05:32:31.254,85167114.2196,2155.84586111,5.34999976365,2858.30549682,42.4428661248,13.1293586301,193.000000000,1059.83712600,8565195.74761,0.00000000000,0.00000000000,0.00000000000,0.00000000000,122.344568055,8.74373409446,14.4271612559,6.00000000000,1290.62996341
14 Jul 2029 11:20:10.254,85274373.2201,2155.84586111,5.34999976365,2858.30549682,42.4428661248,13.1293586301,194.000000000,64198.0887421,8629393.83635,0.00000000000,0.00000000000,0.00000000000,0.00000000000,122.017360671,8.74373409446,14.4271612559,6.00000000000,1290.30275602
14 Jul 2029 23:21:11.433,85317634.3982,2155.84586111,5.34999976365,2858.30549682,42.4428661248,13.1293586301,195.000000000,1037.35838804,8630431.19474,0.00000000000,0.00000000000,0.00000000000,0.00000000000,122.012073421,8.74373409446,14.4271612559,6.00000000000,1290.29746877
16 Jul 2029 04:52:03.739,85423886.7044,2155.84586111,5.34999976365,2858.30549682,42.4428661248,13.1293586301,196.000000000,63922.3263498,8694353.52109,0.00000000000,0.00000000000,0.00000000000,0.00000000000,121.686271554,8.74373409446,14.4271612559,6.00000000000,1289.97166690
16 Jul 2029 16:40:39.817,85466402.7822,2155.84586111,5.34999976365,2858.30549682,42.4428661248,13.1293586301,197.000000000,1015.51852901,8695369.03961,0.00000000000,0.00000000000,0.00000000000,0.00000000000,121.681095619,8.74373409446,14.4271612559,6.00000000000,1289.96649097
17 Jul 2029 21:55:08.084,85571671.0493,2155.84586111,5.34999976365,2858.30549682,42.4428661248,13.1293586301,198.000000000,63655.2845226,8759024.32414,0.00000000000,0.00000000000,0.00000000000,0.00000000000,121.356654821,8.74373409446,14.4271612559,6.00000000000,1289.64205017
18 Jul 2029 09:31:34.368,85613457.3341,2155.84586111,5.34999976365,2858.30549682,42.4428661248,13.1293586301,199.000000000,994.401460126,8760018.72560,0.00000000000,0.00000000000,0.00000000000,0.00000000000,121.351586516,8.74373409446,14.4271612559,6.00000000000,1289.63698187
19 Jul 2029 14:29:45.814,85717748.7798,2155.84586111,5.34999976365,2858.30549682,42.4428661248,13.1293586301,200.000000000,63372.4042072,8823391.12980,0.00000000000,0.00000000000,0.00000000000,0.00000000000,121.028587514,8.74373409446,14.4271612559,6.00000000000,1289.31398286
20 Jul 2029 01:54:24.294,85758827.2597,2155.84586111,5.34999976365,2858.30549682,42.4428661248,13.1293586301,201.000000000,973.928281099,8824365.05809,0.00000000000,0.00000000000,0.00000000000,0.00000000000,121.023623557,8.74373409446,14.4271612559,6.00000000000,1289.30901891
21 Jul 2029 06:36:42.362,85862165.3272,2155.84586111,5.34999976365,2858.30549682,42.4428661248,13.1293586301,202.000000000,63099.4975170,8887464.55560,0.00000000000,0.00000000000,0.00000000000,0.00000000000,120.702015517,8.74373409446,14.4271612559,6.00000000000,1288.98741087
21 Jul 2029 17:49:51.286,85902554.2517,2155.84586111,5.34999976365,2858.30549682,42.4428661248,13.1293586301,203.000000000,954.011824921,8888418.56743,0.00000000000,0.00000000000,0.00000000000,0.00000000000,120.697153071,8.74373409446,14.4271612559,6.00000000000,1288.98254842
22 Jul 2029 22:16:44.664,86004967.6298,2155.84586111,5.34999976365,2858.30549682,42.4428661248,13.1293586301,204.000000000,62840.0119748,8951258.57940,0.00000000000,0.00000000000,0.00000000000,0.00000000000,120.376867587,8.74373409446,14.4271612559,6.00000000000,1288.66226294
23 Jul 2029 09:18:28.898,86044671.8634,2155.84586111,5.34999976365,2858.30549682,42.4428661248,13.1293586301,205.000000000,934.667841956,8952193.24724,0.00000000000,0.00000000000,0.00000000000,0.00000000000,120.372103735,8.74373409446,14.4271612559,6.00000000000,1288.65749909
24 Jul 2029 13:33:14.162,86146357.1275,2155.84586111,5.34999976365,2858.30549682,42.4428661248,13.1293586301,206.000000000,62577.0264061,9014770.27365,0.00000000000,0.00000000000,0.00000000000,0.00000000000,120.053158646,8.74373409446,14.4271612559,6.00000000000,1288.33855400
25 Jul 2029 00:21:21.623,86185244.5890,2155.84586111,5.34999976365,2858.30549682,42.4428661248,13.1293586301,207.000000000,915.956701994,9015686.23035,0.00000000000,0.00000000000,0.00000000000,0.00000000000,120.048490161,8.74373409446,14.4271612559,6.00000000000,1288.33388551
26 Jul 2029 04:20:26.045,86285989.0106,2155.84586111,5.34999976365,2858.30549682,42.4428661248,13.1293586301,208.000000000,62308.1634508,9077994.39380,0.00000000000,0.00000000000,0.00000000000,0.00000000000,119.730915424,8.74373409446,14.4271612559,6.00000000000,1288.01631077
26 Jul 2029 14:58:06.805,86324249.7711,2155.84586111,5.34999976365,2858.30549682,42.4428661248,13.1293586301,209.000000000,897.850381091,9078892.24418,0.00000000000,0.00000000000,0.00000000000,0.00000000000,119.726339224,8.74373409446,14.4271612559,6.00000000000,1288.01173457
27 Jul 2029 18:42:00.319,86424083.2848,2155.84586111,5.34999976365,2858.30549682,42.4428661248,13.1293586301,210.000000000,62037.5517956,9140929.79598,0.00000000000,0.00000000000,0.00000000000,0.00000000000,119.410143751,8.74373409446,14.4271612559,6.00000000000,1287.69553910
28 Jul 2029 05:10:24.675,86461787.6403,2155.84586111,5.34999976365,2858.30549682,42.4428661248,13.1293586301,211.000000000,880.266819075,9141810.06280,0.00000000000,0.00000000000,0.00000000000,0.00000000000,119.405657172,8.74373409446,14.4271612559,6.00000000000,1287.69105252
29 Jul 2029 08:39:09.885,86560712.8510,2155.84586111,5.34999976365,2858.30549682,42.4428661248,13.1293586301,212.000000000,61769.0943259,9203579.15712,0.00000000000,0.00000000000,0.00000000000,0.00000000000,119.090829984,8.74373409446,14.4271612559,6.00000000000,1287.37622533
29 Jul 2029 18:57:45.839,86597828.8042,2155.84586111,5.34999976365,2858.30549682,42.4428661248,13.1293586301,213.000000000,863.180967018,9204442.33809,0.00000000000,0.00000000000,0.00000000000,0.00000000000,119.086430489,8.74373409446,14.4271612559,6.00000000000,1287.37182584
30 Jul 2029 22:12:52.013,86695934.9788,2155.84586111,5.34999976365,2858.30549682,42.4428661248,13.1293586301,214.000000000,61508.0738764,9265950.41197,0.00000000000,0.00000000000,0.00000000000,0.00000000000,118.772933680,8.74373409446,14.4271612559,6.00000000000,1287.05832903
31 Jul 2029 08:20:57.793,86732420.7581,2155.84586111,5.34999976365,2858.30549682,42.4428661248,13.1293586301,215.000000000,846.532356098,9266796.94432,0.00000000000,0.00000000000,0.00000000000,0.00000000000,118.768619040,8.74373409446,14.4271612559,6.00000000000,1287.05401439
01 Aug 2029 11:19:52.091,86829555.0562,2155.84586111,5.34999976365,2858.30549682,42.4428661248,13.1293586301,216.000000000,61248.2511592,9328045.19548,0.00000000000,0.00000000000,0.00000000000,0.00000000000,118.456446506,8.74373409446,14.4271612559,6.00000000000,1286.74184186
01 Aug 2029 21:20:56.604,86865619.5696,2155.84586111,5.34999976365,2858.30549682,42.4428661248,13.1293586301,217.000000000,830.365421936,9328875.56091,0.00000000000,0.00000000000,0.00000000000,0.00000000000,118.452214267,8.74373409446,14.4271612559,6.00000000000,1286.73760962
03 Aug 2029 00:07:41.418,86962024.3837,2155.84586111,5.34999976365,2858.30549682,42.4428661248,13.1293586301,218.000000000,60993.5136208,9389869.07453,0.00000000000,0.00000000000,0.00000000000,0.00000000000,118.141340089,8.74373409446,14.4271612559,6.00000000000,1286.42673544
03 Aug 2029 09:57:42.981,86997425.9462,2155.84586111,5.34999976365,2858.30549682,42.4428661248,13.1293586301,219.000000000,814.627415121,9390683.70194,0.00000000000,0.00000000000,0.00000000000,0.00000000000,118.137188063,8.74373409446,14.4271612559,6.00000000000,1286.42258341
04 Aug 2029 12:30:59.551,87093022.5164,2155.84586111,5.34999976365,2858.30549682,42.4428661248,13.1293586301,220.000000000,60738.5894290,9451422.29137,0.00000000000,0.00000000000,0.00000000000,0.00000000000,117.827613194,8.74373409446,14.4271612559,6.00000000000,1286.11300854
04 Aug 2029 22:11:55.877,87127878.8424,2155.84586111,5.34999976365,2858.30549682,42.4428661248,13.1293586301,221.000000000,799.397407889,9452221.68878,0.00000000000,0.00000000000,0.00000000000,0.00000000000,117.823538793,8.74373409446,14.4271612559,6.00000000000,1286.10893414
06 Aug 2029 00:30:50.004,87222612.9700,2155.84586111,5.34999976365,2858.30549682,42.4428661248,13.1293586301,222.000000000,60491.4012901,9512713.09007,0.00000000000,0.00000000000,0.00000000000,0.00000000000,117.515223802,8.74373409446,14.4271612559,6.00000000000,1285.80061915
06 Aug 2029 10:04:35.123,87257038.0886,2155.84586111,5.34999976365,2858.30549682,42.4428661248,13.1293586301,223.000000000,784.634214103,9513497.72428,0.00000000000,0.00000000000,0.00000000000,0.00000000000,117.511224647,8.74373409446,14.4271612559,6.00000000000,1285.79662000
07 Aug 2029 12:13:12.243,87351155.2088,2155.84586111,5.34999976365,2858.30549682,42.4428661248,13.1293586301,224.000000000,60246.1266804,9573743.85096,0.00000000000,0.00000000000,0.00000000000,0.00000000000,117.204159781,8.74373409446,14.4271612559,6.00000000000,1285.48955513
07 Aug 2029 21:32:57.155,87384740.1202,2155.84586111,5.34999976365,2858.30549682,42.4428661248,13.1293586301,225.000000000,770.332930967,9574514.18389,0.00000000000,0.00000000000,0.00000000000,0.00000000000,117.200233517,8.74373409446,14.4271612559,6.00000000000,1285.48562887
08 Aug 2029 23:32:29.240,87478312.2056,2155.84586111,5.34999976365,2858.30549682,42.4428661248,13.1293586301,226.000000000,60007.5610097,9634521.74490,0.00000000000,0.00000000000,0.00000000000,0.00000000000,116.894384583,8.74373409446,14.4271612559,6.00000000000,1285.17977993
09 Aug 2029 08:46:20.010,87511542.9759,2155.84586111,5.34999976365,2858.30549682,42.4428661248,13.1293586301,227.000000000,756.341540098,9635278.08644,0.00000000000,0.00000000000,0.00000000000,0.00000000000,116.890529631,8.74373409446,14.4271612559,6.00000000000,1285.17592498
10 Aug 2029 10:11:04.864,87603027.8295,2155.84586111,5.34999976365,2858.30549682,42.4428661248,13.1293586301,228.000000000,59772.4648243,9695050.55127,0.00000000000,0.00000000000,0.00000000000,0.00000000000,116.585878944,8.74373409446,14.4271612559,6.00000000000,1284.87127429
10 Aug 2029 19:30:36.041,87636599.0069,2155.84586111,5.34999976365,2858.30549682,42.4428661248,13.1293586301,229.000000000,742.439426884,9695792.99069,0.00000000000,0.00000000000,0.00000000000,0.00000000000,116.582094849,8.74373409446,14.4271612559,6.00000000000,1284.86749020
11 Aug 2029 21:06:33.352,87728756.3175,2155.84586111,5.34999976365,2858.30549682,42.4428661248,13.1293586301,230.000000000,59522.0965007,9755315.08720,0.00000000000,0.00000000000,0.00000000000,0.00000000000,116.278720249,8.74373409446,14.4271612559,6.00000000000,1284.56411560
12 Aug 2029 06:05:22.016,87761084.9812,2155.84586111,5.34999976365,2858.30549682,42.4428661248,13.1293586301,231.000000000,728.588107035,9756043.67530,0.00000000000,0.00000000000,0.00000000000,0.00000000000,116.275006752,8.74373409446,14.4271612559,6.00000000000,1284.56040210
13 Aug 2029 07:15:31.666,87851694.6314,2155.84586111,5.34999976365,2858.30549682,42.4428661248,13.1293586301,232.000000000,59267.1575649,9815310.83287,0.00000000000,0.00000000000,0.00000000000,0.00000000000,115.972931535,8.74373409446,14.4271612559,6.00000000000,1284.25832689
13 Aug 2029 16:06:27.452,87883550.4176,2155.84586111,5.34999976365,2858.30549682,42.4428661248,13.1293586301,233.000000000,715.237147838,9816026.07002,0.00000000000,0.00000000000,0.00000000000,0.00000000000,115.969286086,8.74373409446,14.4271612559,6.00000000000,1284.25468144
14 Aug 2029 17:19:40.876,87974343.8414,2155.84586111,5.34999976365,2858.30549682,42.4428661248,13.1293586301,234.000000000,59045.0463030,9875071.11632,0.00000000000,0.00000000000,0.00000000000,0.00000000000,115.668342934,8.74373409446,14.4271612559,6.00000000000,1283.95373828
15 Aug 2029 02:02:31.379,88005714.3451,2155.84586111,5.34999976365,2858.30549682,42.4428661248,13.1293586301,235.000000000,702.841494903,9875773.95781,0.00000000000,0.00000000000,0.00000000000,0.00000000000,115.664760664,8.74373409446,14.4271612559,6.00000000000,1283.95015601
16 Aug 2029 02:42:29.220,88094512.1856,2155.84586111,5.34999976365,2858.30549682,42.4428661248,13.1293586301,236.000000000,58856.2562579,9934630.21407,0.00000000000,0.00000000000,0.00000000000,0.00000000000,115.364779745,8.74373409446,14.4271612559,6.00000000000,1283.65017510
16 Aug 2029 11:26:01.345,88125924.3102,2155.84586111,5.34999976365,2858.30549682,42.4428661248,13.1293586301,237.000000000,690.345983952,9935320.56005,0.00000000000,0.00000000000,0.00000000000,0.00000000000,115.361261162,8.74373409446,14.4271612559,6.00000000000,1283.64665651
17 Aug 2029 12:09:17.107,88214920.0723,2155.84586111,5.34999976365,2858.30549682,42.4428661248,13.1293586301,238.000000000,58619.0890913,9993939.64915,0.00000000000,0.00000000000,0.00000000000,0.00000000000,115.062489046,8.74373409446,14.4271612559,6.00000000000,1283.34788440
17 Aug 2029 20:44:49.696,88245852.6617,2155.84586111,5.34999976365,2858.30549682,42.4428661248,13.1293586301,239.000000000,676.901390940,9994616.55054,0.00000000000,0.00000000000,0.00000000000,0.00000000000,115.059038988,8.74373409446,14.4271612559,6.00000000000,1283.34443434
18 Aug 2029 21:15:52.694,88334115.6595,2155.84586111,5.34999976365,2858.30549682,42.4428661248,13.1293586301,240.000000000,58379.8885635,10052996.4391,0.00000000000,0.00000000000,0.00000000000,0.00000000000,114.761486039,8.74373409446,14.4271612559,6.00000000000,1283.04688139
19 Aug 2029 05:20:25.676,88363188.6417,2155.84586111,5.34999976365,2858.30549682,42.4428661248,13.1293586301,241.000000000,664.617472962,10053661.0566,0.00000000000,0.00000000000,0.00000000000,0.00000000000,114.758098590,8.74373409446,14.4271612559,6.00000000000,1283.04349394
20 Aug 2029 05:53:14.413,88451557.3789,2155.84586111,5.34999976365,2858.30549682,42.4428661248,13.1293586301,242.000000000,58335.7364974,10111996.7931,0.00000000000,0.00000000000,0.00000000000,0.00000000000,114.460770678,8.74373409446,14.4271612559,6.00000000000,1282.74616603
20 Aug 2029 13:59:15.692,88480718.6576,2155.84586111,5.34999976365,2858.30549682,42.4428661248,13.1293586301,243.000000000,651.974048957,10112648.7671,0.00000000000,0.00000000000,0.00000000000,0.00000000000,114.457447670,8.74373409446,14.4271612559,6.10000000000,1282.74284302
21 Aug 2029 07:28:21.487,88543664.4527,2155.84586111,5.34999976365,2858.30549682,42.4428661248,13.1293586301,244.000000000,9699.02563138,10122347.7928,0.00000000000,0.00000000000,0.00000000000,0.00000000000,114.408013289,8.74373409446,14.4271612559,6.10000000000,1282.69340864
21 Aug 2029 22:35:20.737,88598083.7029,2155.84586111,5.34999976365,2858.30549682,42.4428661248,13.1293586301,245.000000000,645.933515817,10122993.7263,0.00000000000,0.00000000000,0.00000000000,0.00000000000,114.404721069,8.74373409446,14.4271612559,6.10000000000,1282.69011642
22 Aug 2029 15:49:58.295,88660161.2606,2155.84586111,5.34999976365,2858.30549682,42.4428661248,13.1293586301,246.000000000,9715.86038217,10132709.5866,0.00000000000,0.00000000000,0.00000000000,0.00000000000,114.355200884,8.74373409446,14.4271612559,6.10000000000,1282.64059623
23 Aug 2029 06:54:36.276,88714439.2418,2155.84586111,5.34999976365,2858.30549682,42.4428661248,13.1293586301,247.000000000,644.081226900,10133353.6679,0.00000000000,0.00000000000,0.00000000000,0.00000000000,114.351918105,8.74373409446,14.4271612559,6.10000000000,1282.63731345
24 Aug 2029 00:23:17.805,88777360.7706,2155.84586111,5.34999976365,2858.30549682,42.4428661248,13.1293586301,248.000000000,9794.82640488,10143148.4943,0.00000000000,0.00000000000,0.00000000000,0.00000000000,114.301995442,8.74373409446,14.4271612559,6.10000000000,1282.58739079
24 Aug 2029 14:58:41.215,88829884.1802,2155.84586111,5.34999976365,2858.30549682,42.4428661248,13.1293586301,249.000000000,638.480050281,10143786.9743,0.00000000000,0.00000000000,0.00000000000,0.00000000000,114.298741211,8.74373409446,14.4271612559,6.10000000000,1282.58413656
25 Aug 2029 08:42:20.179,88893703.1446,2155.84586111,5.34999976365,2858.30549682,42.4428661248,13.1293586301,250.000000000,9809.31431477,10153596.2886,0.00000000000,0.00000000000,0.00000000000,0.00000000000,114.248744706,8.74373409446,14.4271612559,6.10000000000,1282.53414006
25 Aug 2029 23:24:53.709,88946656.6744,2155.84586111,5.34999976365,2858.30549682,42.4428661248,13.1293586301,251.000000000,625.834450260,10154222.1231,0.00000000000,0.00000000000,0.00000000000,0.00000000000,114.245554928,8.74373409446,14.4271612559,6.10000000000,1282.53095028
26 Aug 2029 16:31:48.291,89008271.2568,2155.84586111,5.34999976365,2858.30549682,42.4428661248,13.1293586301,252.000000000,10014.0868698,10164236.2100,0.00000000000,0.00000000000,0.00000000000,0.00000000000,114.194514730,8.74373409446,14.4271612559,6.10000000000,1282.47991008
01 Jan 2030 14:49:37.144,100061340.110,2155.84586111,5.34999976365,2858.30549682,42.4428661248,13.1293586301,252.000000000,10014.0868698,10164236.2100,11334710.1876,0.00000000000,0.00000000000,0.00000000000,58.1292751786,8.74373409446,14.4271612559,7.10000000000,1226.41467053
22 Jan 2030 03:31:36.458,101835059.424,2155.84586111,5.34999976365,2858.30549682,42.4428661248,13.1293586301,252.000000000,10014.0868698,10164236.2100,11334710.1876,1.00000000000,9888.54867144,9888.54867144,48.9728156763,8.74373409446,14.4271612559,9.10000000000,1197.25821103
22 Jan 2030 11:15:14.898,101862877.864,2155.84586111,5.34999976365,2858.30549682,42.4428661248,13.1293586301,252.000000000,10014.0868698,10164236.2100,11334710.1876,2.00000000000,9938.16289169,19826.7115631,48.4662834188,8.74373409446,14.4271612559,9.10000000000,1196.75167877
22 Jan 2030 18:44:58.441,101889861.406,2155.84586111,5.34999976365,2858.30549682,42.4428661248,13.1293586301,252.000000000,10014.0868698,10164236.2100,11334710.1876,3.00000000000,9938.10917512,29764.8207382,47.9597538992,8.74373409446,14.4271612559,9.10000000000,1196.24514925
23 Jan 2030 02:14:08.681,101916811.646,2155.84586111,5.34999976365,2858.30549682,42.4428661248,13.1293586301,252.000000000,10014.0868698,10164236.2100,11334710.1876,4.00000000000,9928.83959340,39693.6603316,47.4536968353,8.74373409446,14.4271612559,9.10000000000,1195.73909219
23 Jan 2030 09:31:29.884,101943052.850,2155.84586111,5.34999976365,2858.30549682,42.4428661248,13.1293586301,252.000000000,10014.0868698,10164236.2100,11334710.1876,5.00000000000,9921.75982705,49615.4201587,46.9480006158,8.74373409446,14.4271612559,9.10000000000,1195.23339597
23 Jan 2030 16:52:09.679,101969492.645,2155.84586111,5.34999976365,2858.30549682,42.4428661248,13.1293586301,252.000000000,10014.0868698,10164236.2100,11334710.1876,6.00000000000,9906.76982746,59522.1899861,46.4430684126,8.74373409446,14.4271612559,9.10000000000,1194.72846376
24 Jan 2030 00:02:43.136,101995326.101,2155.84586111,5.34999976365,2858.30549682,42.4428661248,13.1293586301,252.000000000,10014.0868698,10164236.2100,11334710.1876,7.00000000000,9891.48267032,69413.6726565,45.9389153713,8.74373409446,14.4271612559,9.10000000000,1194.22431072
24 Jan 2030 07:12:56.910,102021139.876,2155.84586111,5.34999976365,2858.30549682,42.4428661248,13.1293586301,252.000000000,10014.0868698,10164236.2100,11334710.1876,8.00000000000,9876.33310831,79290.0057648,45.4355344789,8.74373409446,14.4271612559,9.10000000000,1193.72092983
24 Jan 2030 14:15:46.736,102046509.701,2155.84586111,5.34999976365,2858.30549682,42.4428661248,13.1293586301,252.000000000,10014.0868698,10164236.2100,11334710.1876,9.00000000000,9864.33809975,89154.3438645,44.9327649529,8.74373409446,14.4271612559,9.10000000000,1193.21816030
24 Jan 2030 21:15:48.527,102071711.492,2155.84586111,5.34999976365,2858.30549682,42.4428661248,13.1293586301,252.000000000,10014.0868698,10164236.2100,11334710.1876,10.0000000000,9848.82419589,99003.1680604,44.4307861458,8.74373409446,14.4271612559,9.10000000000,1192.71618150
25 Jan 2030 04:15:06.470,102096869.436,2155.84586111,5.34999976365,2858.30549682,42.4428661248,13.1293586301,252.000000000,10014.0868698,10164236.2100,11334710.1876,11.0000000000,9832.34056094,108835.508621,43.9296474832,8.74373409446,14.4271612559,9.10000000000,1192.21504283
25 Jan 2030 11:06:43.084,102121566.050,2155.84586111,5.34999976365,2858.30549682,42.4428661248,13.1293586301,252.000000000,10014.0868698,10164236.2100,11334710.1876,12.0000000000,9817.09711868,118652.605740,43.4292857544,8.74373409446,14.4271612559,9.10000000000,1191.71468110
25 Jan 2030 17:53:36.799,102145979.764,2155.84586111,5.34999976365,2858.30549682,42.4428661248,13.1293586301,252.000000000,10014.0868698,10164236.2100,11334710.1876,13.0000000000,9799.62887393,128452.234614,42.9298143541,8.74373409446,14.4271612559,9.10000000000,1191.21520970
26 Jan 2030 00:38:20.475,102170263.440,2155.84586111,5.34999976365,2858.30549682,42.4428661248,13.1293586301,252.000000000,10014.0868698,10164236.2100,11334710.1876,14.0000000000,9782.15479758,138234.389412,42.4312335795,8.74373409446,14.4271612559,9.10000000000,1190.71662893
26 Jan 2030 07:17:41.199,102194224.165,2155.84586111,5.34999976365,2858.30549682,42.4428661248,13.1293586301,252.000000000,10014.0868698,10164236.2100,11334710.1876,15.0000000000,9765.29245821,147999.681870,41.9335122514,8.74373409446,14.4271612559,9.10000000000,1190.21890760
26 Jan 2030 13:55:43.201,102218106.167,2155.84586111,5.34999976365,2858.30549682,42.4428661248,13.1293586301,252.000000000,10014.0868698,10164236.2100,11334710.1876,16.0000000000,9750.66787511,157750.349745,41.4365363148,8.74373409446,14.4271612559,9.10000000000,1189.72193167
26 Jan 2030 20:25:36.200,102241499.166,2155.84586111,5.34999976365,2858.30549682,42.4428661248,13.1293586301,252.000000000,10014.0868698,10164236.2100,11334710.1876,17.0000000000,9732.83953281,167483.189278,40.9404690603,8.74373409446,14.4271612559,9.10000000000,1189.22586441
27 Jan 2030 02:54:15.984,102264818.949,2155.84586111,5.34999976365,2858.30549682,42.4428661248,13.1293586301,252.000000000,10014.0868698,10164236.2100,11334710.1876,18.0000000000,9714.41160111,177197.600879,40.4453410480,8.74373409446,14.4271612559,9.10000000000,1188.73073640
27 Jan 2030 09:23:52.930,102288195.896,2155.84586111,5.34999976365,2858.30549682,42.4428661248,13.1293586301,252.000000000,10014.0868698,10164236.2100,11334710.1876,19.0000000000,9696.70242746,186894.303306,39.9511156440,8.74373409446,14.4271612559,9.10000000000,1188.23651099
27 Jan 2030 15:41:33.436,102310856.402,2155.84586111,5.34999976365,2858.30549682,42.4428661248,13.1293586301,252.000000000,10014.0868698,10164236.2100,11334710.1876,20.0000000000,9681.39368777,196575.696994,39.4576705019,8.74373409446,14.4271612559,9.10000000000,1187.74306585
27 Jan 2030 22:03:38.035,102333781.001,2155.84586111,5.34999976365,2858.30549682,42.4428661248,13.1293586301,252.000000000,10014.0868698,10164236.2100,11334710.1876,21.0000000000,9663.68357304,206239.380567,38.9651280160,8.74373409446,14.4271612559,9.10000000000,1187.25052337
28 Jan 2030 04:18:26.576,102356269.542,2155.84586111,5.34999976365,2858.30549682,42.4428661248,13.1293586301,252.000000000,10014.0868698,10164236.2100,11334710.1876,22.0000000000,9645.21755566,215884.598123,38.4735267135,8.74373409446,14.4271612559,9.10000000000,1186.75892206
28 Jan 2030 10:32:57.206,102378740.171,2155.84586111,5.34999976365,2858.30549682,42.4428661248,13.1293586301,252.000000000,10014.0868698,10164236.2100,11334710.1876,23.0000000000,9627.01385203,225511.611975,37.9828532246,8.74373409446,14.4271612559,9.10000000000,1186.26824857
28 Jan 2030 16:42:10.663,102400893.629,2155.84586111,5.34999976365,2858.30549682,42.4428661248,13.1293586301,252.000000000,10014.0868698,10164236.2100,11334710.1876,24.0000000000,9611.08735487,235122.699330,37.4929914838,8.74373409446,14.4271612559,9.10000000000,1185.77838683
28 Jan 2030 22:47:51.854,102422834.820,2155.84586111,5.34999976365,2858.30549682,42.4428661248,13.1293586301,252.000000000,10014.0868698,10164236.2100,11334710.1876,25.0000000000,9593.15223098,244715.851561,37.0040438675,8.74373409446,14.4271612559,9.10000000000,1185.28943922
29 Jan 2030 04:50:35.037,102444598.003,2155.84586111,5.34999976365,2858.30549682,42.4428661248,13.1293586301,252.000000000,10014.0868698,10164236.2100,11334710.1876,26.0000000000,9574.44490217,254290.296463,36.5160497339,8.74373409446,14.4271612559,9.10000000000,1184.80144508
29 Jan 2030 10:50:20.083,102466183.049,2155.84586111,5.34999976365,2858.30549682,42.4428661248,13.1293586301,252.000000000,10014.0868698,10164236.2100,11334710.1876,27.0000000000,9556.08716755,263846.383630,36.0289912646,8.74373409446,14.4271612559,9.10000000000,1184.31438661
29 Jan 2030 16:46:52.587,102487575.553,2155.84586111,5.34999976365,2858.30549682,42.4428661248,13.1293586301,252.000000000,10014.0868698,10164236.2100,11334710.1876,28.0000000000,9539.96882308,273386.352453,35.5427543215,8.74373409446,14.4271612559,9.10000000000,1183.82814967
29 Jan 2030 22:40:12.517,102508775.483,2155.84586111,5.34999976365,2858.30549682,42.4428661248,13.1293586301,252.000000000,10014.0868698,10164236.2100,11334710.1876,29.0000000000,9521.65262288,282908.005076,35.0574509258,8.74373409446,14.4271612559,9.10000000000,1183.34284628
30 Jan 2030 04:30:32.037,102529795.003,2155.84586111,5.34999976365,2858.30549682,42.4428661248,13.1293586301,252.000000000,10014.0868698,10164236.2100,11334710.1876,30.0000000000,9502.53946210,292410.544538,34.5731216974,8.74373409446,14.4271612559,9.10000000000,1182.85851705
30 Jan 2030 10:18:55.645,102550698.610,2155.84586111,5.34999976365,2858.30549682,42.4428661248,13.1293586301,252.000000000,10014.0868698,10164236.2100,11334710.1876,31.0000000000,9484.65722312,301895.201761,34.0897038980,8.74373409446,14.4271612559,9.10000000000,1182.37509925
30 Jan 2030 16:03:04.600,102571347.565,2155.84586111,5.34999976365,2858.30549682,42.4428661248,13.1293586301,252.000000000,10014.0868698,10164236.2100,11334710.1876,32.0000000000,9467.89762817,311363.099390,33.6071403084,8.74373409446,14.4271612559,9.10000000000,1181.89253566
30 Jan 2030 21:45:52.732,102591915.698,2155.84586111,5.34999976365,2858.30549682,42.4428661248,13.1293586301,252.000000000,10014.0868698,10164236.2100,11334710.1876,33.0000000000,9449.28413151,320812.383521,33.1255254190,8.74373409446,14.4271612559,9.10000000000,1181.41092077
31 Jan 2030 03:24:48.802,102612251.767,2155.84586111,5.34999976365,2858.30549682,42.4428661248,13.1293586301,252.000000000,10014.0868698,10164236.2100,11334710.1876,34.0000000000,9430.34044497,330242.723966,32.6448760589,8.74373409446,14.4271612559,9.10000000000,1180.93027141
31 Jan 2030 09:01:44.976,102632467.941,2155.84586111,5.34999976365,2858.30549682,42.4428661248,13.1293586301,252.000000000,10014.0868698,10164236.2100,11334710.1876,35.0000000000,9412.91633913,339655.640305,32.1651147776,8.74373409446,14.4271612559,9.10000000000,1180.45051013
31 Jan 2030 14:35:21.654,102652484.619,2155.84586111,5.34999976365,2858.30549682,42.4428661248,13.1293586301,252.000000000,10014.0868698,10164236.2100,11334710.1876,36.0000000000,9394.26318076,349049.903486,31.6863042179,8.74373409446,14.4271612559,9.10000000000,1179.97169957
31 Jan 2030 20:06:59.888,102672382.854,2155.84586111,5.34999976365,2858.30549682,42.4428661248,13.1293586301,252.000000000,10014.0868698,10164236.2100,11334710.1876,37.0000000000,9376.52329949,358426.426785,31.2083978316,8.74373409446,14.4271612559,9.10000000000,1179.49379318
01 Feb 2030 01:34:59.826,102692062.791,2155.84586111,5.34999976365,2858.30549682,42.4428661248,13.1293586301,252.000000000,10014.0868698,10164236.2100,11334710.1876,38.0000000000,9358.07239719,367784.499183,30.7314318582,8.74373409446,14.4271612559,9.10000000000,1179.01682721
01 Feb 2030 07:03:04.965,102711747.930,2155.84586111,5.34999976365,2858.30549682,42.4428661248,13.1293586301,252.000000000,10014.0868698,10164236.2100,11334710.1876,39.0000000000,9339.13312970,377123.632312,30.2554311890,8.74373409446,14.4271612559,9.10000000000,1178.54082654
01 Feb 2030 12:23:18.868,102730961.833,2155.84586111,5.34999976365,2858.30549682,42.4428661248,13.1293586301,252.000000000,10014.0868698,10164236.2100,11334710.1876,40.0000000000,9320.41431746,386444.046630,29.7803845877,8.74373409446,14.4271612559,9.10000000000,1178.06577994
01 Feb 2030 17:48:10.967,102750453.932,2155.84586111,5.34999976365,2858.30549682,42.4428661248,13.1293586301,252.000000000,10014.0868698,10164236.2100,11334710.1876,41.0000000000,9303.44213471,395747.488765,29.3062030314,8.74373409446,14.4271612559,9.10000000000,1177.59159838
01 Feb 2030 23:07:01.308,102769584.274,2155.84586111,5.34999976365,2858.30549682,42.4428661248,13.1293586301,252.000000000,10014.0868698,10164236.2100,11334710.1876,42.0000000000,9284.67404412,405032.162809,28.8329780547,8.74373409446,14.4271612559,9.10000000000,1177.11837340
02 Feb 2030 04:23:26.907,102788569.873,2155.84586111,5.34999976365,2858.30549682,42.4428661248,13.1293586301,252.000000000,10014.0868698,10164236.2100,11334710.1876,43.0000000000,9265.50587460,414297.668683,28.3607300488,8.74373409446,14.4271612559,9.10000000000,1176.64612540
02 Feb 2030 09:37:29.281,102807412.247,2155.84586111,5.34999976365,2858.30549682,42.4428661248,13.1293586301,252.000000000,10014.0868698,10164236.2100,11334710.1876,44.0000000000,9247.72786961,423545.396553,27.8893881595,8.74373409446,14.4271612559,9.10000000000,1176.17478351
02 Feb 2030 14:49:11.118,102826114.083,2155.84586111,5.34999976365,2858.30549682,42.4428661248,13.1293586301,252.000000000,10014.0868698,10164236.2100,11334710.1876,45.0000000000,9228.27066743,432773.667220,27.4190379725,8.74373409446,14.4271612559,9.10000000000,1175.70443332
02 Feb 2030 19:58:33.933,102844676.899,2155.84586111,5.34999976365,2858.30549682,42.4428661248,13.1293586301,252.000000000,10014.0868698,10164236.2100,11334710.1876,46.0000000000,9211.10711388,441984.774334,26.9495625845,8.74373409446,14.4271612559,9.10000000000,1175.23495793
03 Feb 2030 01:05:44.523,102863107.489,2155.84586111,5.34999976365,2858.30549682,42.4428661248,13.1293586301,252.000000000,10014.0868698,10164236.2100,11334710.1876,47.0000000000,9192.34278163,451177.117116,26.4810435844,8.74373409446,14.4271612559,9.10000000000,1174.76643893
03 Feb 2030 06:10:36.103,102881399.068,2155.84586111,5.34999976365,2858.30549682,42.4428661248,13.1293586301,252.000000000,10014.0868698,10164236.2100,11334710.1876,48.0000000000,9172.74511711,460349.862233,26.0135234459,8.74373409446,14.4271612559,9.10000000000,1174.29891880
03 Feb 2030 11:13:17.411,102899560.377,2155.84586111,5.34999976365,2858.30549682,42.4428661248,13.1293586301,252.000000000,10014.0868698,10164236.2100,11334710.1876,49.0000000000,9155.17751098,469505.039744,25.5468987002,8.74373409446,14.4271612559,9.10000000000,1173.83229405
03 Feb 2030 16:13:47.921,102917590.887,2155.84586111,5.34999976365,2858.30549682,42.4428661248,13.1293586301,252.000000000,10014.0868698,10164236.2100,11334710.1876,50.0000000000,9135.85712191,478640.896866,25.0812586838,8.74373409446,14.4271612559,9.10000000000,1173.36665403
03 Feb 2030 21:12:13.070,102935496.036,2155.84586111,5.34999976365,2858.30549682,42.4428661248,13.1293586301,252.000000000,10014.0868698,10164236.2100,11334710.1876,51.0000000000,9118.32710171,487759.223968,24.6165121444,8.74373409446,14.4271612559,9.10000000000,1172.90190749
04 Feb 2030 02:08:06.601,102953249.566,2155.84586111,5.34999976365,2858.30549682,42.4428661248,13.1293586301,252.000000000,10014.0868698,10164236.2100,11334710.1876,52.0000000000,9099.54116960,496858.765137,24.1527230940,8.74373409446,14.4271612559,9.10000000000,1172.43811844
04 Feb 2030 07:02:33.964,102970916.929,2155.84586111,5.34999976365,2858.30549682,42.4428661248,13.1293586301,252.000000000,10014.0868698,10164236.2100,11334710.1876,53.0000000000,9079.84381145,505938.608949,23.6899379864,8.74373409446,14.4271612559,9.10000000000,1171.97533334
04 Feb 2030 11:53:35.203,102988378.168,2155.84586111,5.34999976365,2858.30549682,42.4428661248,13.1293586301,252.000000000,10014.0868698,10164236.2100,11334710.1876,54.0000000000,9062.26419510,515000.873144,23.2280488837,8.74373409446,14.4271612559,9.10000000000,1171.51344423
04 Feb 2030 16:40:58.782,103005621.747,2155.84586111,5.34999976365,2858.30549682,42.4428661248,13.1293586301,252.000000000,10014.0868698,10164236.2100,11334710.1876,55.0000000000,9042.78619431,524043.659338,22.7671525435,8.74373409446,14.4271612559,9.10000000000,1171.05254789
04 Feb 2030 21:30:24.000,103022986.966,2155.84586111,5.34999976365,2858.30549682,42.4428661248,13.1293586301,252.000000000,10014.0868698,10164236.2100,11334710.1876,56.0000000000,9025.35163663,533069.010975,22.3071448148,8.74373409446,14.4271612559,9.10000000000,1170.59254017
05 Feb 2030 02:17:51.384,103040234.350,2155.84586111,5.34999976365,2858.30549682,42.4428661248,13.1293586301,252.000000000,10014.0868698,10164236.2100,11334710.1876,57.0000000000,9006.51455030,542075.525525,21.8480971823,8.74373409446,14.4271612559,9.10000000000,1170.13349253
05 Feb 2030 07:03:09.787,103057352.753,2155.84586111,5.34999976365,2858.30549682,42.4428661248,13.1293586301,252.000000000,10014.0868698,10164236.2100,11334710.1876,58.0000000000,8986.85873884,551062.384264,21.3900513750,8.74373409446,14.4271612559,9.10000000000,1169.67544673
05 Feb 2030 11:43:42.540,103074185.506,2155.84586111,5.34999976365,2858.30549682,42.4428661248,13.1293586301,252.000000000,10014.0868698,10164236.2100,11334710.1876,59.0000000000,8969.10478194,560031.489046,20.9329104585,8.74373409446,14.4271612559,9.10000000000,1169.21830581
05 Feb 2030 16:23:24.645,103090967.611,2155.84586111,5.34999976365,2858.30549682,42.4428661248,13.1293586301,252.000000000,10014.0868698,10164236.2100,11334710.1876,60.0000000000,8949.40409200,568980.893138,20.4767736546,8.74373409446,14.4271612559,9.10000000000,1168.76216900
05 Feb 2030 21:01:10.558,103107633.524,2155.84586111,5.34999976365,2858.30549682,42.4428661248,13.1293586301,252.000000000,10014.0868698,10164236.2100,11334710.1876,61.0000000000,8932.19142573,577913.084563,20.0215141528,8.74373409446,14.4271612559,9.10000000000,1168.30690950
06 Feb 2030 01:37:42.910,103124225.875,2155.84586111,5.34999976365,2858.30549682,42.4428661248,13.1293586301,252.000000000,10014.0868698,10164236.2100,11334710.1876,62.0000000000,8913.38807771,586826.472641,19.5672130275,8.74373409446,14.4271612559,9.10000000000,1167.85260838
06 Feb 2030 06:12:10.155,103140693.121,2155.84586111,5.34999976365,2858.30549682,42.4428661248,13.1293586301,252.000000000,10014.0868698,10164236.2100,11334710.1876,63.0000000000,8894.12815370,595720.600795,19.1138935498,8.74373409446,14.4271612559,9.10000000000,1167.39928890
06 Feb 2030 10:45:44.048,103157107.013,2155.84586111,5.34999976365,2858.30549682,42.4428661248,13.1293586301,252.000000000,10014.0868698,10164236.2100,11334710.1876,64.0000000000,8875.31675684,604595.917552,18.6615328588,8.74373409446,14.4271612559,9.10000000000,1166.94692821
06 Feb 2030 15:16:06.734,103173329.700,2155.84586111,5.34999976365,2858.30549682,42.4428661248,13.1293586301,252.000000000,10014.0868698,10164236.2100,11334710.1876,65.0000000000,8856.68944891,613452.607001,18.2101215719,8.74373409446,14.4271612559,9.10000000000,1166.49551692
06 Feb 2030 19:45:53.220,103189516.186,2155.84586111,5.34999976365,2858.30549682,42.4428661248,13.1293586301,252.000000000,10014.0868698,10164236.2100,11334710.1876,66.0000000000,8838.48927982,622291.096280,17.7596379185,8.74373409446,14.4271612559,9.10000000000,1166.04503327
07 Feb 2030 00:14:02.803,103205605.769,2155.84586111,5.34999976365,2858.30549682,42.4428661248,13.1293586301,252.000000000,10014.0868698,10164236.2100,11334710.1876,67.0000000000,8820.36735287,631111.463633,17.3100779107,8.74373409446,14.4271612559,9.10000000000,1165.59547326
07 Feb 2030 04:40:50.148,103221613.114,2155.84586111,5.34999976365,2858.30549682,42.4428661248,13.1293586301,252.000000000,10014.0868698,10164236.2100,11334710.1876,68.0000000000,8801.55046578,639913.014099,16.8614769695,8.74373409446,14.4271612559,9.10000000000,1165.14687232
07 Feb 2030 09:04:01.402,103237404.367,2155.84586111,5.34999976365,2858.30549682,42.4428661248,13.1293586301,252.000000000,10014.0868698,10164236.2100,11334710.1876,69.0000000000,8781.78412823,648694.798227,16.4138834869,8.74373409446,14.4271612559,9.10000000000,1164.69927884
07 Feb 2030 13:26:36.139,103253159.104,2155.84586111,5.34999976365,2858.30549682,42.4428661248,13.1293586301,252.000000000,10014.0868698,10164236.2100,11334710.1876,70.0000000000,8764.25364754,657459.051875,15.9671835049,8.74373409446,14.4271612559,9.10000000000,1164.25257886
07 Feb 2030 17:47:47.128,103268830.093,2155.84586111,5.34999976365,2858.30549682,42.4428661248,13.1293586301,252.000000000,10014.0868698,10164236.2100,11334710.1876,71.0000000000,8744.55284601,666203.604721,15.5214876412,8.74373409446,14.4271612559,9.10000000000,1163.80688299
07 Feb 2030 22:09:33.568,103284536.534,2155.84586111,5.34999976365,2858.30549682,42.4428661248,13.1293586301,252.000000000,10014.0868698,10164236.2100,11334710.1876,72.0000000000,8727.34056698,674930.945288,15.0766690598,8.74373409446,14.4271612559,9.10000000000,1163.36206441
08 Feb 2030 02:23:50.763,103299793.729,2155.84586111,5.34999976365,2858.30549682,42.4428661248,13.1293586301,252.000000000,10014.0868698,10164236.2100,11334710.1876,73.0000000000,8708.76931198,683639.714600,14.6327970256,8.74373409446,14.4271612559,9.10000000000,1162.91819238
08 Feb 2030 06:42:57.197,103315340.162,2155.84586111,5.34999976365,2858.30549682,42.4428661248,13.1293586301,252.000000000,10014.0868698,10164236.2100,11334710.1876,74.0000000000,8689.77824432,692329.492844,14.1898929356,8.74373409446,14.4271612559,9.10000000000,1162.47528829
08 Feb 2030 10:56:40.638,103330563.603,2155.84586111,5.34999976365,2858.30549682,42.4428661248,13.1293586301,252.000000000,10014.0868698,10164236.2100,11334710.1876,75.0000000000,8670.29086763,700999.783712,13.7479820861,8.74373409446,14.4271612559,9.10000000000,1162.03337744
08 Feb 2030 15:10:09.742,103345772.708,2155.84586111,5.34999976365,2858.30549682,42.4428661248,13.1293586301,252.000000000,10014.0868698,10164236.2100,11334710.1876,76.0000000000,8652.83471544,709652.618427,13.3069609487,8.74373409446,14.4271612559,9.10000000000,1161.59235630
08 Feb 2030 19:21:39.233,103360862.198,2155.84586111,5.34999976365,2858.30549682,42.4428661248,13.1293586301,252.000000000,10014.0868698,10164236.2100,11334710.1876,77.0000000000,8633.30351764,718285.921945,12.8669352852,8.74373409446,14.4271612559,9.10000000000,1161.15233064
08 Feb 2030 23:31:48.967,103375871.932,2155.84586111,5.34999976365,2858.30549682,42.4428661248,13.1293586301,252.000000000,10014.0868698,10164236.2100,11334710.1876,78.0000000000,8616.17909457,726902.101039,12.4277824262,8.74373409446,14.4271612559,9.10000000000,1160.71317778
09 Feb 2030 03:40:20.593,103390783.558,2155.84586111,5.34999976365,2858.30549682,42.4428661248,13.1293586301,252.000000000,10014.0868698,10164236.2100,11334710.1876,79.0000000000,8597.63493596,735499.735975,11.9895747332,8.74373409446,14.4271612559,9.10000000000,1160.27497008
09 Feb 2030 07:45:33.527,103405496.492,2155.84586111,5.34999976365,2858.30549682,42.4428661248,13.1293586301,252.000000000,10014.0868698,10164236.2100,11334710.1876,80.0000000000,8578.59953453,744078.335510,11.5523372442,8.74373409446,14.4271612559,9.10000000000,1159.83773259
09 Feb 2030 11:52:42.085,103420325.051,2155.84586111,5.34999976365,2858.30549682,42.4428661248,13.1293586301,252.000000000,10014.0868698,10164236.2100,11334710.1876,81.0000000000,8559.27766940,752637.613179,11.1160845597,8.74373409446,14.4271612559,9.10000000000,1159.40147991
09 Feb 2030 15:56:40.611,103434963.576,2155.84586111,5.34999976365,2858.30549682,42.4428661248,13.1293586301,252.000000000,10014.0868698,10164236.2100,11334710.1876,82.0000000000,8541.92939390,761179.542573,10.6807160891,8.74373409446,14.4271612559,9.10000000000,1158.96611144
09 Feb 2030 19:56:06.191,103449329.157,2155.84586111,5.34999976365,2858.30549682,42.4428661248,13.1293586301,252.000000000,10014.0868698,10164236.2100,11334710.1876,83.0000000000,8522.44170383,769701.984277,10.2463408748,8.74373409446,14.4271612559,9.10000000000,1158.53173623
09 Feb 2030 23:58:13.757,103463856.723,2155.84586111,5.34999976365,2858.30549682,42.4428661248,13.1293586301,252.000000000,10014.0868698,10164236.2100,11334710.1876,84.0000000000,8505.44196671,778207.426244,9.81283210995,8.74373409446,14.4271612559,9.10000000000,1158.09822746
10 Feb 2030 03:58:59.671,103478302.637,2155.84586111,5.34999976365,2858.30549682,42.4428661248,13.1293586301,252.000000000,10014.0868698,10164236.2100,11334710.1876,85.0000000000,8487.10724168,786694.533485,9.38025783668,8.74373409446,14.4271612559,9.10000000000,1157.66565319
10 Feb 2030 07:56:10.655,103492533.621,2155.84586111,5.34999976365,2858.30549682,42.4428661248,13.1293586301,252.000000000,10014.0868698,10164236.2100,11334710.1876,86.0000000000,8468.30303399,795162.836519,8.94864198378,8.74373409446,14.4271612559,9.10000000000,1157.23403733
10 Feb 2030 11:54:11.567,103506814.532,2155.84586111,5.34999976365,2858.30549682,42.4428661248,13.1293586301,252.000000000,10014.0868698,10164236.2100,11334710.1876,87.0000000000,8448.80567572,803611.642195,8.51801988002,8.74373409446,14.4271612559,9.10000000000,1156.80341523
10 Feb 2030 15:50:56.010,103521018.975,2155.84586111,5.34999976365,2858.30549682,42.4428661248,13.1293586301,252.000000000,10014.0868698,10164236.2100,11334710.1876,88.0000000000,8431.67615309,812043.318348,8.08827084061,8.74373409446,14.4271612559,9.10000000000,1156.37366619
10 Feb 2030 19:42:15.825,103534898.791,2155.84586111,5.34999976365,2858.30549682,42.4428661248,13.1293586301,252.000000000,10014.0868698,10164236.2100,11334710.1876,89.0000000000,8412.29682216,820455.615170,7.65950953469,8.74373409446,14.4271612559,9.10000000000,1155.94490489
10 Feb 2030 23:37:01.573,103548984.539,2155.84586111,5.34999976365,2858.30549682,42.4428661248,13.1293586301,252.000000000,10014.0868698,10164236.2100,11334710.1876,90.0000000000,8395.13339937,828850.748570,7.23162302095,8.74373409446,14.4271612559,9.10000000000,1155.51701837
11 Feb 2030 03:28:28.754,103562871.719,2155.84586111,5.34999976365,2858.30549682,42.4428661248,13.1293586301,252.000000000,10014.0868698,10164236.2100,11334710.1876,91.0000000000,8377.33789800,837228.086468,6.80464351545,8.74373409446,14.4271612559,9.10000000000,1155.09003887
11 Feb 2030 07:17:12.754,103576595.720,2155.84586111,5.34999976365,2858.30549682,42.4428661248,13.1293586301,252.000000000,10014.0868698,10164236.2100,11334710.1876,92.0000000000,8358.90913083,845586.995599,6.37860329472,8.74373409446,14.4271612559,9.10000000000,1154.66399865
11 Feb 2030 11:09:10.627,103590513.592,2155.84586111,5.34999976365,2858.30549682,42.4428661248,13.1293586301,252.000000000,10014.0868698,10164236.2100,11334710.1876,93.0000000000,8339.51198857,853926.507587,5.95355171529,8.74373409446,14.4271612559,9.10000000000,1154.23894707
11 Feb 2030 14:54:20.619,103604023.584,2155.84586111,5.34999976365,2858.30549682,42.4428661248,13.1293586301,252.000000000,10014.0868698,10164236.2100,11334710.1876,94.0000000000,8321.58009183,862248.087679,5.52941409593,8.74373409446,14.4271612559,9.10000000000,1153.81480945
11 Feb 2030 18:43:15.653,103617758.619,2155.84586111,5.34999976365,2858.30549682,42.4428661248,13.1293586301,252.000000000,10014.0868698,10164236.2100,11334710.1876,95.0000000000,8303.70542170,870551.793101,5.10618751990,8.74373409446,14.4271612559,9.10000000000,1153.39158287
11 Feb 2030 22:26:52.455,103631175.421,2155.84586111,5.34999976365,2858.30549682,42.4428661248,13.1293586301,252.000000000,10014.0868698,10164236.2100,11334710.1876,96.0000000000,8285.10064369,878836.893744,4.68390919963,8.74373409446,14.4271612559,9.10000000000,1152.96930455
12 Feb 2030 02:12:14.909,103644697.874,2155.84586111,5.34999976365,2858.30549682,42.4428661248,13.1293586301,252.000000000,10014.0868698,10164236.2100,11334710.1876,97.0000000000,8268.31993952,887105.213684,4.26248616500,8.74373409446,14.4271612559,9.10000000000,1152.54788152
12 Feb 2030 05:53:59.861,103658002.827,2155.84586111,5.34999976365,2858.30549682,42.4428661248,13.1293586301,252.000000000,10014.0868698,10164236.2100,11334710.1876,98.0000000000,8250.30238645,895355.516070,3.84198145621,8.74373409446,14.4271612559,9.10000000000,1152.12737681
12 Feb 2030 09:36:57.651,103671380.617,2155.84586111,5.34999976365,2858.30549682,42.4428661248,13.1293586301,252.000000000,10014.0868698,10164236.2100,11334710.1876,99.0000000000,8231.72759941,9035872.43670,3.42242347459,8.74373409446,14.4271612559,9.10000000000,1151.70781882
